Number of jobs: 700

+-----+-----------------------+----------+-----------------+
| Job | [Jr,Jb,Jl,Jo]         | OF       | Allocated nodes |
+-----+-----------------------+----------+-----------------+
| 0   | [348, 1250, 41, 564]  | 35143    | [174]           |
+-----+-----------------------+----------+-----------------+
| 1   | [348, 2018, 43, 665]  | 62807    | [69]            |
+-----+-----------------------+----------+-----------------+
| 2   | [344, 2310, 44, 977]  | 12317    | [277]           |
+-----+-----------------------+----------+-----------------+
| 3   | [350, 1967, 47, 509]  | 7584     | [156]           |
+-----+-----------------------+----------+-----------------+
| 4   | [334, 1360, 40, 538]  | 417      | [333]           |
+-----+-----------------------+----------+-----------------+
| 5   | [312, 1863, 31, 983]  | 360574   | [364]           |
+-----+-----------------------+----------+-----------------+
| 6   | [339, 2234, 46, 945]  | 92598    | [328]           |
+-----+-----------------------+----------+-----------------+
| 7   | [299, 1030, 31, 479]  | 290961   | [152]           |
+-----+-----------------------+----------+-----------------+
| 8   | [305, 1313, 36, 682]  | 59216    | [217]           |
+-----+-----------------------+----------+-----------------+
| 9   | [292, 1882, 30, 789]  | 28832    | [40]            |
+-----+-----------------------+----------+-----------------+
| 10  | [298, 214, 34, 704]   | 679596   | [353]           |
+-----+-----------------------+----------+-----------------+
| 11  | [327, 389, 50, 673]   | 45596    | [275]           |
+-----+-----------------------+----------+-----------------+
| 12  | [333, 265, 54, 539]   | 62597    | [488]           |
+-----+-----------------------+----------+-----------------+
| 13  | [343, 2012, 61, 732]  | 15845    | [190]           |
+-----+-----------------------+----------+-----------------+
| 14  | [303, 1449, 42, 624]  | 269440   | [145]           |
+-----+-----------------------+----------+-----------------+
| 15  | [283, 2011, 37, 740]  | 9085     | [303]           |
+-----+-----------------------+----------+-----------------+
| 16  | [293, 744, 42, 882]   | 61748    | [358]           |
+-----+-----------------------+----------+-----------------+
| 17  | [325, 440, 59, 964]   | 4267     | [241]           |
+-----+-----------------------+----------+-----------------+
| 18  | [271, 2265, 34, 459]  | 126      | [372]           |
+-----+-----------------------+----------+-----------------+
| 19  | [321, 2493, 62, 521]  | 5403     | [63]            |
+-----+-----------------------+----------+-----------------+
| 20  | [262, 2006, 30, 651]  | 1607145  | [30]            |
+-----+-----------------------+----------+-----------------+
| 21  | [314, 1872, 58, 683]  | 75541    | [106]           |
+-----+-----------------------+----------+-----------------+
| 22  | [344, 1601, 74, 674]  | 19158    | [66]            |
+-----+-----------------------+----------+-----------------+
| 23  | [288, 1963, 46, 913]  | 376      | [479]           |
+-----+-----------------------+----------+-----------------+
| 24  | [297, 659, 51, 829]   | 233506   | [136]           |
+-----+-----------------------+----------+-----------------+
| 25  | [342, 2111, 78, 935]  | 1916     | [238]           |
+-----+-----------------------+----------+-----------------+
| 26  | [275, 1685, 42, 924]  | 9905     | [127]           |
+-----+-----------------------+----------+-----------------+
| 27  | [338, 1159, 76, 958]  | 6474     | [352]           |
+-----+-----------------------+----------+-----------------+
| 28  | [339, 1601, 77, 687]  | 39300    | [327]           |
+-----+-----------------------+----------+-----------------+
| 29  | [336, 1458, 76, 932]  | 11100    | [254]           |
+-----+-----------------------+----------+-----------------+
| 30  | [325, 1335, 71, 784]  | 4766     | [160]           |
+-----+-----------------------+----------+-----------------+
| 31  | [343, 1191, 81, 839]  | 5590     | [161]           |
+-----+-----------------------+----------+-----------------+
| 32  | [318, 1524, 70, 558]  | 2823     | [84]            |
+-----+-----------------------+----------+-----------------+
| 33  | [285, 1002, 54, 878]  | 11263    | [204]           |
+-----+-----------------------+----------+-----------------+
| 34  | [280, 1558, 52, 602]  | 92177    | [356]           |
+-----+-----------------------+----------+-----------------+
| 35  | [240, 2090, 31, 510]  | 2308101  | [313]           |
+-----+-----------------------+----------+-----------------+
| 36  | [330, 90, 78, 893]    | 5890     | [137]           |
+-----+-----------------------+----------+-----------------+
| 37  | [279, 1165, 52, 814]  | 4615     | [397]           |
+-----+-----------------------+----------+-----------------+
| 38  | [292, 1563, 60, 798]  | 3011     | [533]           |
+-----+-----------------------+----------+-----------------+
| 39  | [339, 2374, 88, 472]  | 7821     | [86]            |
+-----+-----------------------+----------+-----------------+
| 40  | [241, 1640, 35, 808]  | 59653    | [261]           |
+-----+-----------------------+----------+-----------------+
| 41  | [332, 1443, 84, 789]  | 19168    | [326]           |
+-----+-----------------------+----------+-----------------+
| 42  | [331, 2468, 86, 767]  | 7382     | [91]            |
+-----+-----------------------+----------+-----------------+
| 43  | [284, 79, 59, 447]    | 1577     | [531]           |
+-----+-----------------------+----------+-----------------+
| 44  | [302, 1150, 70, 789]  | 6151     | [520]           |
+-----+-----------------------+----------+-----------------+
| 45  | [245, 2300, 42, 648]  | 211757   | [441]           |
+-----+-----------------------+----------+-----------------+
| 46  | [273, 697, 57, 578]   | 29809    | [294]           |
+-----+-----------------------+----------+-----------------+
| 47  | [335, 1807, 92, 832]  | 26247    | [325]           |
+-----+-----------------------+----------+-----------------+
| 48  | [235, 673, 38, 888]   | 5936     | [291]           |
+-----+-----------------------+----------+-----------------+
| 49  | [346, 2116, 99, 613]  | 4311     | [270]           |
+-----+-----------------------+----------+-----------------+
| 50  | [319, 1983, 85, 680]  | 31818    | [221]           |
+-----+-----------------------+----------+-----------------+
| 51  | [318, 2404, 85, 930]  | 5528     | [191]           |
+-----+-----------------------+----------+-----------------+
| 52  | [260, 1723, 58, 668]  | 6708     | [369]           |
+-----+-----------------------+----------+-----------------+
| 53  | [227, 2087, 41, 835]  | 2191     | [197]           |
+-----+-----------------------+----------+-----------------+
| 54  | [331, 1489, 97, 577]  | 22655    | [553]           |
+-----+-----------------------+----------+-----------------+
| 55  | [275, 1364, 68, 763]  | 1053     | [554]           |
+-----+-----------------------+----------+-----------------+
| 56  | [211, 1747, 34, 576]  | 214358   | [410]           |
+-----+-----------------------+----------+-----------------+
| 57  | [272, 1626, 67, 809]  | 42767    | [547]           |
+-----+-----------------------+----------+-----------------+
| 58  | [261, 1531, 61, 769]  | 99745    | [538]           |
+-----+-----------------------+----------+-----------------+
| 59  | [324, 434, 97, 983]   | 12960    | [256]           |
+-----+-----------------------+----------+-----------------+
| 60  | [235, 810, 50, 748]   | 19741    | [382]           |
+-----+-----------------------+----------+-----------------+
| 61  | [307, 905, 89, 810]   | 9153     | [215]           |
+-----+-----------------------+----------+-----------------+
| 62  | [305, 2382, 90, 802]  | 879      | [339]           |
+-----+-----------------------+----------+-----------------+
| 63  | [339, 456, 107, 530]  | 11796    | [491]           |
+-----+-----------------------+----------+-----------------+
| 64  | [335, 1502, 106, 798] | 96989    | [249]           |
+-----+-----------------------+----------+-----------------+
| 65  | [327, 207, 102, 726]  | 1520     | [214]           |
+-----+-----------------------+----------+-----------------+
| 66  | [335, 791, 107, 517]  | 4742     | [534]           |
+-----+-----------------------+----------+-----------------+
| 67  | [269, 1150, 73, 564]  | 1946     | [213]           |
+-----+-----------------------+----------+-----------------+
| 68  | [321, 2197, 102, 970] | 1048     | [455]           |
+-----+-----------------------+----------+-----------------+
| 69  | [207, 1284, 40, 711]  | 62020    | [300]           |
+-----+-----------------------+----------+-----------------+
| 70  | [217, 540, 47, 630]   | 26996    | [203]           |
+-----+-----------------------+----------+-----------------+
| 71  | [292, 1101, 88, 549]  | 2194     | [389]           |
+-----+-----------------------+----------+-----------------+
| 72  | [347, 1162, 118, 638] | 877      | [432]           |
+-----+-----------------------+----------+-----------------+
| 73  | [303, 1563, 96, 681]  | 3151     | [472]           |
+-----+-----------------------+----------+-----------------+
| 74  | [242, 986, 63, 824]   | 6192     | [15]            |
+-----+-----------------------+----------+-----------------+
| 75  | [285, 199, 86, 655]   | 12963    | [122]           |
+-----+-----------------------+----------+-----------------+
| 76  | [348, 921, 122, 898]  | 3366     | [27]            |
+-----+-----------------------+----------+-----------------+
| 77  | [266, 1656, 79, 464]  | 53554    | [167]           |
+-----+-----------------------+----------+-----------------+
| 78  | [282, 2143, 89, 627]  | 13895    | [97]            |
+-----+-----------------------+----------+-----------------+
| 79  | [213, 2146, 52, 606]  | 1367     | [460]           |
+-----+-----------------------+----------+-----------------+
| 80  | [235, 2328, 64, 489]  | 49356    | [74]            |
+-----+-----------------------+----------+-----------------+
| 81  | [241, 1744, 68, 632]  | 29886    | [140]           |
+-----+-----------------------+----------+-----------------+
| 82  | [198, 527, 44, 786]   | 41486    | [544]           |
+-----+-----------------------+----------+-----------------+
| 83  | [219, 1165, 56, 836]  | 6815     | [17]            |
+-----+-----------------------+----------+-----------------+
| 84  | [274, 2152, 88, 480]  | 15983    | [31]            |
+-----+-----------------------+----------+-----------------+
| 85  | [285, 1921, 94, 979]  | 16330    | [131]           |
+-----+-----------------------+----------+-----------------+
| 86  | [200, 458, 47, 829]   | 4635393  | [129]           |
+-----+-----------------------+----------+-----------------+
| 87  | [294, 611, 98, 474]   | 51157    | [499]           |
+-----+-----------------------+----------+-----------------+
| 88  | [203, 2439, 51, 936]  | 3146     | [125]           |
+-----+-----------------------+----------+-----------------+
| 89  | [185, 1264, 41, 846]  | 48049    | [336]           |
+-----+-----------------------+----------+-----------------+
| 90  | [179, 1021, 38, 533]  | 3870     | [263]           |
+-----+-----------------------+----------+-----------------+
| 91  | [174, 313, 35, 896]   | 111902   | [572]           |
+-----+-----------------------+----------+-----------------+
| 92  | [261, 1542, 83, 635]  | 21786    | [571]           |
+-----+-----------------------+----------+-----------------+
| 93  | [213, 225, 58, 924]   | 38464    | [513]           |
+-----+-----------------------+----------+-----------------+
| 94  | [327, 1288, 121, 956] | 33199    | [545]           |
+-----+-----------------------+----------+-----------------+
| 95  | [240, 1621, 75, 879]  | 137479   | [309]           |
+-----+-----------------------+----------+-----------------+
| 96  | [178, 475, 41, 617]   | 185297   | [195]           |
+-----+-----------------------+----------+-----------------+
| 97  | [204, 1898, 58, 501]  | 30139    | [13]            |
+-----+-----------------------+----------+-----------------+
| 98  | [169, 2464, 40, 788]  | 9170     | [561]           |
+-----+-----------------------+----------+-----------------+
| 99  | [252, 1324, 84, 523]  | 5325     | [546]           |
+-----+-----------------------+----------+-----------------+
| 100 | [285, 1446, 102, 550] | 3912     | [348]           |
+-----+-----------------------+----------+-----------------+
| 101 | [229, 915, 72, 593]   | 37170    | [7]             |
+-----+-----------------------+----------+-----------------+
| 102 | [176, 2359, 46, 594]  | 91081    | [196]           |
+-----+-----------------------+----------+-----------------+
| 103 | [320, 827, 123, 788]  | 13169    | [519]           |
+-----+-----------------------+----------+-----------------+
| 104 | [213, 2136, 67, 642]  | 159      | [527]           |
+-----+-----------------------+----------+-----------------+
| 105 | [204, 1731, 63, 550]  | 1900     | [301]           |
+-----+-----------------------+----------+-----------------+
| 106 | [186, 1276, 53, 488]  | 15463    | [201]           |
+-----+-----------------------+----------+-----------------+
| 107 | [176, 973, 48, 788]   | 1279     | [411]           |
+-----+-----------------------+----------+-----------------+
| 108 | [213, 2227, 69, 593]  | 3937     | [439]           |
+-----+-----------------------+----------+-----------------+
| 109 | [280, 167, 104, 979]  | 18290    | [70]            |
+-----+-----------------------+----------+-----------------+
| 110 | [322, 482, 128, 448]  | 30931    | [597]           |
+-----+-----------------------+----------+-----------------+
| 111 | [143, 680, 32, 601]   | 143892   | [503]           |
+-----+-----------------------+----------+-----------------+
| 112 | [232, 534, 81, 698]   | 5596     | [258]           |
+-----+-----------------------+----------+-----------------+
| 113 | [186, 1358, 57, 615]  | 18836    | [424]           |
+-----+-----------------------+----------+-----------------+
| 114 | [281, 2070, 109, 621] | 30955    | [198]           |
+-----+-----------------------+----------+-----------------+
| 115 | [246, 1642, 90, 643]  | 112585   | [607]           |
+-----+-----------------------+----------+-----------------+
| 116 | [319, 1757, 130, 551] | 61630    | [285]           |
+-----+-----------------------+----------+-----------------+
| 117 | [334, 439, 137, 928]  | 14093    | [589]           |
+-----+-----------------------+----------+-----------------+
| 118 | [330, 126, 135, 633]  | 17040    | [311]           |
+-----+-----------------------+----------+-----------------+
| 119 | [153, 825, 41, 858]   | 4758     | [149]           |
+-----+-----------------------+----------+-----------------+
| 120 | [264, 2160, 102, 483] | 808      | [172]           |
+-----+-----------------------+----------+-----------------+
| 121 | [308, 63, 124, 611]   | 15067    | [286]           |
+-----+-----------------------+----------+-----------------+
| 122 | [215, 1220, 75, 966]  | 10514    | [526]           |
+-----+-----------------------+----------+-----------------+
| 123 | [272, 1350, 106, 631] | 55419    | [457]           |
+-----+-----------------------+----------+-----------------+
| 124 | [239, 127, 88, 897]   | 2798     | [602]           |
+-----+-----------------------+----------+-----------------+
| 125 | [278, 1996, 111, 586] | 56656    | [246]           |
+-----+-----------------------+----------+-----------------+
| 126 | [276, 704, 109, 971]  | 33400    | [592]           |
+-----+-----------------------+----------+-----------------+
| 127 | [193, 266, 64, 597]   | 100471   | [371]           |
+-----+-----------------------+----------+-----------------+
| 128 | [270, 1996, 107, 519] | 62557    | [297]           |
+-----+-----------------------+----------+-----------------+
| 129 | [298, 54, 121, 880]   | 23404    | [124]           |
+-----+-----------------------+----------+-----------------+
| 130 | [346, 2337, 149, 630] | 25559    | [601]           |
+-----+-----------------------+----------+-----------------+
| 131 | [296, 1141, 123, 489] | 27230    | [230]           |
+-----+-----------------------+----------+-----------------+
| 132 | [229, 1160, 87, 905]  | 2507     | [110]           |
+-----+-----------------------+----------+-----------------+
| 133 | [308, 2179, 131, 821] | 12865    | [416]           |
+-----+-----------------------+----------+-----------------+
| 134 | [303, 1704, 128, 526] | 88400    | [55]            |
+-----+-----------------------+----------+-----------------+
| 135 | [202, 2084, 74, 648]  | 2670     | [564]           |
+-----+-----------------------+----------+-----------------+
| 136 | [180, 1204, 62, 456]  | 117499   | [222]           |
+-----+-----------------------+----------+-----------------+
| 137 | [303, 1729, 129, 566] | 97153    | [292]           |
+-----+-----------------------+----------+-----------------+
| 138 | [326, 1173, 141, 912] | 26749    | [293]           |
+-----+-----------------------+----------+-----------------+
| 139 | [307, 853, 132, 854]  | 22763    | [34]            |
+-----+-----------------------+----------+-----------------+
| 140 | [245, 2445, 100, 489] | 72306    | [235]           |
+-----+-----------------------+----------+-----------------+
| 141 | [250, 160, 101, 646]  | 987      | [487]           |
+-----+-----------------------+----------+-----------------+
| 142 | [231, 1263, 93, 559]  | 32663    | [377]           |
+-----+-----------------------+----------+-----------------+
| 143 | [268, 574, 113, 776]  | 7193     | [582]           |
+-----+-----------------------+----------+-----------------+
| 144 | [244, 1625, 101, 552] | 22368    | [627]           |
+-----+-----------------------+----------+-----------------+
| 145 | [263, 1213, 113, 446] | 84635    | [5]             |
+-----+-----------------------+----------+-----------------+
| 146 | [309, 2299, 139, 872] | 310      | [577]           |
+-----+-----------------------+----------+-----------------+
| 147 | [247, 2351, 106, 703] | 88171    | [320]           |
+-----+-----------------------+----------+-----------------+
| 148 | [121, 2093, 38, 822]  | 442758   | [556]           |
+-----+-----------------------+----------+-----------------+
| 149 | [200, 2036, 81, 661]  | 9074     | [58]            |
+-----+-----------------------+----------+-----------------+
| 150 | [286, 309, 126, 862]  | 74435    | [551]           |
+-----+-----------------------+----------+-----------------+
| 151 | [268, 811, 117, 514]  | 4444     | [450]           |
+-----+-----------------------+----------+-----------------+
| 152 | [229, 674, 96, 627]   | 4254     | [163]           |
+-----+-----------------------+----------+-----------------+
| 153 | [214, 678, 88, 728]   | 34774    | [223]           |
+-----+-----------------------+----------+-----------------+
| 154 | [284, 2104, 127, 801] | 104123   | [591]           |
+-----+-----------------------+----------+-----------------+
| 155 | [195, 1792, 79, 510]  | 6951     | [102]           |
+-----+-----------------------+----------+-----------------+
| 156 | [193, 635, 77, 527]   | 11210    | [159]           |
+-----+-----------------------+----------+-----------------+
| 157 | [263, 415, 115, 705]  | 77825    | [94]            |
+-----+-----------------------+----------+-----------------+
| 158 | [183, 1797, 74, 567]  | 29630    | [570]           |
+-----+-----------------------+----------+-----------------+
| 159 | [271, 575, 121, 686]  | 49669    | [329]           |
+-----+-----------------------+----------+-----------------+
| 160 | [346, 1438, 163, 612] | 48932    | [655]           |
+-----+-----------------------+----------+-----------------+
| 161 | [232, 577, 101, 868]  | 62800    | [228]           |
+-----+-----------------------+----------+-----------------+
| 162 | [291, 868, 134, 684]  | 32572    | [315]           |
+-----+-----------------------+----------+-----------------+
| 163 | [324, 2299, 153, 524] | 71381    | [644]           |
+-----+-----------------------+----------+-----------------+
| 164 | [317, 828, 148, 829]  | 36165    | [150]           |
+-----+-----------------------+----------+-----------------+
| 165 | [191, 1685, 81, 829]  | 220086   | [626]           |
+-----+-----------------------+----------+-----------------+
| 166 | [335, 1279, 159, 909] | 47364    | [10]            |
+-----+-----------------------+----------+-----------------+
| 167 | [289, 1864, 135, 833] | 86148    | [623]           |
+-----+-----------------------+----------+-----------------+
| 168 | [332, 1075, 158, 625] | 1920     | [171]           |
+-----+-----------------------+----------+-----------------+
| 169 | [137, 2019, 54, 869]  | 121993   | [330]           |
+-----+-----------------------+----------+-----------------+
| 170 | [202, 1991, 90, 676]  | 7920     | [654]           |
+-----+-----------------------+----------+-----------------+
| 171 | [327, 307, 156, 902]  | 57218    | [88]            |
+-----+-----------------------+----------+-----------------+
| 172 | [298, 1016, 141, 483] | 8841     | [653]           |
+-----+-----------------------+----------+-----------------+
| 173 | [93, 2151, 32, 643]   | 261659   | [64]            |
+-----+-----------------------+----------+-----------------+
| 174 | [180, 401, 78, 571]   | 133489   | [304]           |
+-----+-----------------------+----------+-----------------+
| 175 | [180, 212, 78, 777]   | 145995   | [43]            |
+-----+-----------------------+----------+-----------------+
| 176 | [310, 935, 149, 765]  | 48727    | [451]           |
+-----+-----------------------+----------+-----------------+
| 177 | [202, 636, 91, 732]   | 56184    | [639]           |
+-----+-----------------------+----------+-----------------+
| 178 | [111, 2118, 44, 826]  | 10538    | [485]           |
+-----+-----------------------+----------+-----------------+
| 179 | [209, 1051, 96, 897]  | 7535     | [676]           |
+-----+-----------------------+----------+-----------------+
| 180 | [210, 927, 97, 497]   | 2069     | [46]            |
+-----+-----------------------+----------+-----------------+
| 181 | [99, 1280, 38, 977]   | 63813    | [344]           |
+-----+-----------------------+----------+-----------------+
| 182 | [151, 1080, 66, 474]  | 3034     | [595]           |
+-----+-----------------------+----------+-----------------+
| 183 | [242, 237, 115, 660]  | 119866   | [492]           |
+-----+-----------------------+----------+-----------------+
| 184 | [188, 1483, 87, 645]  | 126051   | [452]           |
+-----+-----------------------+----------+-----------------+
| 185 | [309, 2086, 153, 708] | 66538    | [148]           |
+-----+-----------------------+----------+-----------------+
| 186 | [339, 1421, 169, 510] | 54551    | [456]           |
+-----+-----------------------+----------+-----------------+
| 187 | [332, 1992, 166, 705] | 41558    | [280]           |
+-----+-----------------------+----------+-----------------+
| 188 | [161, 2057, 74, 870]  | 156308   | [682]           |
+-----+-----------------------+----------+-----------------+
| 189 | [228, 721, 109, 670]  | 106713   | [621]           |
+-----+-----------------------+----------+-----------------+
| 190 | [171, 2067, 80, 561]  | 183239   | [407]           |
+-----+-----------------------+----------+-----------------+
| 191 | [158, 590, 73, 467]   | 57365    | [0]             |
+-----+-----------------------+----------+-----------------+
| 192 | [124, 2022, 56, 456]  | 333      | [600]           |
+-----+-----------------------+----------+-----------------+
| 193 | [305, 2406, 154, 965] | 65492    | [563]           |
+-----+-----------------------+----------+-----------------+
| 194 | [348, 2182, 177, 599] | 93302    | [461]           |
+-----+-----------------------+----------+-----------------+
| 195 | [306, 1685, 154, 893] | 43603    | [671]           |
+-----+-----------------------+----------+-----------------+
| 196 | [201, 1041, 97, 683]  | 7240     | [349]           |
+-----+-----------------------+----------+-----------------+
| 197 | [90, 450, 37, 833]    | 381983   | [679]           |
+-----+-----------------------+----------+-----------------+
| 198 | [124, 1916, 57, 482]  | 44096    | [683]           |
+-----+-----------------------+----------+-----------------+
| 199 | [138, 28, 63, 654]    | 2337     | [272]           |
+-----+-----------------------+----------+-----------------+
| 200 | [113, 564, 50, 986]   | 131108   | [322]           |
+-----+-----------------------+----------+-----------------+
| 201 | [205, 1435, 101, 573] | 6472     | [661]           |
+-----+-----------------------+----------+-----------------+
| 202 | [141, 1485, 68, 452]  | 3866024  | [243]           |
+-----+-----------------------+----------+-----------------+
| 203 | [119, 787, 56, 545]   | 34489    | [395]           |
+-----+-----------------------+----------+-----------------+
| 204 | [116, 1505, 56, 575]  | 1460     | [502]           |
+-----+-----------------------+----------+-----------------+
| 205 | [68, 1307, 30, 503]   | 1151725  | [417]           |
+-----+-----------------------+----------+-----------------+
| 206 | [118, 701, 57, 858]   | 361      | [262]           |
+-----+-----------------------+----------+-----------------+
| 207 | [138, 927, 69, 591]   | 4348     | [48]            |
+-----+-----------------------+----------+-----------------+
| 208 | [265, 263, 137, 723]  | 128137   | [250]           |
+-----+-----------------------+----------+-----------------+
| 209 | [212, 1988, 110, 953] | 35084    | [691]           |
+-----+-----------------------+----------+-----------------+
| 210 | [135, 2261, 69, 499]  | 60809    | [629]           |
+-----+-----------------------+----------+-----------------+
| 211 | [122, 2043, 62, 679]  | 187472   | [473]           |
+-----+-----------------------+----------+-----------------+
| 212 | [327, 2245, 173, 846] | 84476    | [710]           |
+-----+-----------------------+----------+-----------------+
| 213 | [165, 1968, 87, 532]  | 175537   | [19]            |
+-----+-----------------------+----------+-----------------+
| 214 | [223, 1580, 118, 529] | 121039   | [656]           |
+-----+-----------------------+----------+-----------------+
| 215 | [131, 2121, 69, 732]  | 10605    | [543]           |
+-----+-----------------------+----------+-----------------+
| 216 | [216, 1517, 115, 798] | 181953   | [267]           |
+-----+-----------------------+----------+-----------------+
| 217 | [64, 96, 33, 708]     | 53458    | [594]           |
+-----+-----------------------+----------+-----------------+
| 218 | [233, 1090, 125, 449] | 73575    | [466]           |
+-----+-----------------------+----------+-----------------+
| 219 | [283, 2296, 153, 641] | 109185   | [590]           |
+-----+-----------------------+----------+-----------------+
| 220 | [57, 623, 30, 580]    | 304628   | [514]           |
+-----+-----------------------+----------+-----------------+
| 221 | [208, 2365, 113, 893] | 135576   | [670]           |
+-----+-----------------------+----------+-----------------+
| 222 | [208, 2268, 113, 745] | 203218   | [465]           |
+-----+-----------------------+----------+-----------------+
| 223 | [324, 2268, 176, 837] | 127552   | [332]           |
+-----+-----------------------+----------+-----------------+
| 224 | [188, 2485, 103, 853] | 49777    | [188]           |
+-----+-----------------------+----------+-----------------+
| 225 | [300, 765, 162, 481]  | 2863     | [709]           |
+-----+-----------------------+----------+-----------------+
| 226 | [123, 1030, 67, 883]  | 601      | [414]           |
+-----+-----------------------+----------+-----------------+
| 227 | [206, 1240, 112, 622] | 35837    | [692]           |
+-----+-----------------------+----------+-----------------+
| 228 | [269, 2283, 147, 602] | 164615   | [108]           |
+-----+-----------------------+----------+-----------------+
| 229 | [349, 1867, 191, 731] | 32581    | [696]           |
+-----+-----------------------+----------+-----------------+
| 230 | [181, 2247, 101, 527] | 80080    | [642]           |
+-----+-----------------------+----------+-----------------+
| 231 | [142, 911, 79, 794]   | 11212    | [702]           |
+-----+-----------------------+----------+-----------------+
| 232 | [326, 127, 178, 556]  | 1709     | [731]           |
+-----+-----------------------+----------+-----------------+
| 233 | [107, 1160, 61, 814]  | 764      | [1]             |
+-----+-----------------------+----------+-----------------+
| 234 | [133, 1071, 75, 777]  | 5763     | [302]           |
+-----+-----------------------+----------+-----------------+
| 235 | [51, 1039, 31, 467]   | 321323   | [726]           |
+-----+-----------------------+----------+-----------------+
| 236 | [264, 1895, 147, 746] | 125114   | [401]           |
+-----+-----------------------+----------+-----------------+
| 237 | [60, 2287, 38, 962]   | 106713   | [89]            |
+-----+-----------------------+----------+-----------------+
| 238 | [90, 1897, 54, 563]   | 354656   | [580]           |
+-----+-----------------------+----------+-----------------+
| 239 | [178, 743, 101, 471]  | 81595    | [697]           |
+-----+-----------------------+----------+-----------------+
| 240 | [50, 1609, 33, 661]   | 61106    | [483]           |
+-----+-----------------------+----------+-----------------+
| 241 | [58, 1789, 38, 771]   | 154685   | [16]            |
+-----+-----------------------+----------+-----------------+
| 242 | [99, 2498, 61, 580]   | 46702    | [12]            |
+-----+-----------------------+----------+-----------------+
| 243 | [255, 2450, 145, 491] | 80899    | [233]           |
+-----+-----------------------+----------+-----------------+
| 244 | [106, 1482, 64, 832]  | 37419    | [240]           |
+-----+-----------------------+----------+-----------------+
| 245 | [226, 95, 128, 544]   | 10546    | [541]           |
+-----+-----------------------+----------+-----------------+
| 246 | [298, 746, 168, 778]  | 66900    | [575]           |
+-----+-----------------------+----------+-----------------+
| 247 | [107, 299, 65, 543]   | 3110     | [251]           |
+-----+-----------------------+----------+-----------------+
| 248 | [321, 2090, 182, 457] | 93040    | [50]            |
+-----+-----------------------+----------+-----------------+
| 249 | [170, 15, 99, 809]    | 473      | [178]           |
+-----+-----------------------+----------+-----------------+
| 250 | [185, 1784, 109, 868] | 226613   | [218]           |
+-----+-----------------------+----------+-----------------+
| 251 | [295, 338, 167, 951]  | 41194    | [730]           |
+-----+-----------------------+----------+-----------------+
| 252 | [291, 1579, 166, 752] | 27552    | [723]           |
+-----+-----------------------+----------+-----------------+
| 253 | [339, 913, 192, 699]  | 34553    | [704]           |
+-----+-----------------------+----------+-----------------+
| 254 | [206, 1181, 121, 900] | 5044     | [740]           |
+-----+-----------------------+----------+-----------------+
| 255 | [54, 836, 39, 546]    | 195443   | [751]           |
+-----+-----------------------+----------+-----------------+
| 256 | [109, 1738, 70, 773]  | 983      | [269]           |
+-----+-----------------------+----------+-----------------+
| 257 | [200, 661, 119, 978]  | 106585   | [749]           |
+-----+-----------------------+----------+-----------------+
| 258 | [344, 933, 197, 556]  | 47449    | [727]           |
+-----+-----------------------+----------+-----------------+
| 259 | [115, 2400, 75, 672]  | 43145    | [754]           |
+-----+-----------------------+----------+-----------------+
| 260 | [332, 1283, 191, 490] | 56143    | [632]           |
+-----+-----------------------+----------+-----------------+
| 261 | [331, 322, 190, 804]  | 90558    | [83]            |
+-----+-----------------------+----------+-----------------+
| 262 | [108, 346, 71, 632]   | 1197     | [128]           |
+-----+-----------------------+----------+-----------------+
| 263 | [47, 1292, 39, 882]   | 340839   | [176]           |
+-----+-----------------------+----------+-----------------+
| 264 | [282, 1577, 166, 928] | 144582   | [54]            |
+-----+-----------------------+----------+-----------------+
| 265 | [124, 411, 80, 865]   | 9140     | [550]           |
+-----+-----------------------+----------+-----------------+
| 266 | [347, 1376, 201, 958] | 63227    | [748]           |
+-----+-----------------------+----------+-----------------+
| 267 | [105, 495, 70, 699]   | 24994    | [734]           |
+-----+-----------------------+----------+-----------------+
| 268 | [177, 532, 109, 467]  | 7149     | [708]           |
+-----+-----------------------+----------+-----------------+
| 269 | [157, 173, 98, 697]   | 2235     | [443]           |
+-----+-----------------------+----------+-----------------+
| 270 | [292, 212, 171, 879]  | 53247    | [701]           |
+-----+-----------------------+----------+-----------------+
| 271 | [220, 925, 133, 675]  | 109747   | [767]           |
+-----+-----------------------+----------+-----------------+
| 272 | [269, 131, 159, 687]  | 3485     | [232]           |
+-----+-----------------------+----------+-----------------+
| 273 | [231, 1827, 140, 882] | 39497    | [764]           |
+-----+-----------------------+----------+-----------------+
| 274 | [210, 2095, 129, 542] | 189343   | [759]           |
+-----+-----------------------+----------+-----------------+
| 275 | [324, 314, 189, 693]  | 72789    | [714]           |
+-----+-----------------------+----------+-----------------+
| 276 | [92, 2460, 66, 651]   | 14659    | [765]           |
+-----+-----------------------+----------+-----------------+
| 277 | [117, 1195, 79, 640]  | 2189     | [658]           |
+-----+-----------------------+----------+-----------------+
| 278 | [295, 1323, 175, 840] | 114023   | [276]           |
+-----+-----------------------+----------+-----------------+
| 279 | [260, 1842, 157, 780] | 190789   | [587]           |
+-----+-----------------------+----------+-----------------+
| 280 | [58, 2272, 49, 615]   | 15432    | [400]           |
+-----+-----------------------+----------+-----------------+
| 281 | [98, 939, 70, 892]    | 10031    | [625]           |
+-----+-----------------------+----------+-----------------+
| 282 | [49, 2287, 45, 544]   | 7473     | [599]           |
+-----+-----------------------+----------+-----------------+
| 283 | [263, 2026, 160, 733] | 143046   | [117]           |
+-----+-----------------------+----------+-----------------+
| 284 | [44, 1551, 42, 689]   | 404788   | [617]           |
+-----+-----------------------+----------+-----------------+
| 285 | [211, 1967, 133, 538] | 228438   | [93]            |
+-----+-----------------------+----------+-----------------+
| 286 | [166, 1799, 109, 486] | 270836   | [374]           |
+-----+-----------------------+----------+-----------------+
| 287 | [45, 315, 43, 718]    | 8522     | [47]            |
+-----+-----------------------+----------+-----------------+
| 288 | [206, 1449, 131, 616] | 35620    | [721]           |
+-----+-----------------------+----------+-----------------+
| 289 | [197, 1094, 126, 462] | 2946     | [398]           |
+-----+-----------------------+----------+-----------------+
| 290 | [288, 1060, 175, 534] | 53464    | [67]            |
+-----+-----------------------+----------+-----------------+
| 291 | [339, 1618, 203, 632] | 108642   | [510]           |
+-----+-----------------------+----------+-----------------+
| 292 | [31, 826, 37, 917]    | 180643   | [712]           |
+-----+-----------------------+----------+-----------------+
| 293 | [320, 2309, 194, 558] | 124417   | [115]           |
+-----+-----------------------+----------+-----------------+
| 294 | [124, 483, 87, 991]   | 176954   | [782]           |
+-----+-----------------------+----------+-----------------+
| 295 | [334, 243, 200, 990]  | 104757   | [695]           |
+-----+-----------------------+----------+-----------------+
| 296 | [303, 1403, 185, 839] | 88585    | [717]           |
+-----+-----------------------+----------+-----------------+
| 297 | [231, 2040, 147, 637] | 199160   | [116]           |
+-----+-----------------------+----------+-----------------+
| 298 | [72, 1813, 63, 616]   | 134739   | [618]           |
+-----+-----------------------+----------+-----------------+
| 299 | [69, 1013, 61, 628]   | 46848    | [299]           |
+-----+-----------------------+----------+-----------------+
| 300 | [301, 2089, 187, 617] | 139564   | [738]           |
+-----+-----------------------+----------+-----------------+
| 301 | [71, 625, 62, 975]    | 22963    | [707]           |
+-----+-----------------------+----------+-----------------+
| 302 | [171, 1810, 117, 651] | 330821   | [530]           |
+-----+-----------------------+----------+-----------------+
| 303 | [112, 2463, 86, 722]  | 33110    | [739]           |
+-----+-----------------------+----------+-----------------+
| 304 | [304, 1927, 190, 988] | 227835   | [408]           |
+-----+-----------------------+----------+-----------------+
| 305 | [76, 949, 67, 982]    | 772      | [735]           |
+-----+-----------------------+----------+-----------------+
| 306 | [28, 694, 41, 932]    | 517132   | [733]           |
+-----+-----------------------+----------+-----------------+
| 307 | [254, 384, 163, 915]  | 141686   | [135]           |
+-----+-----------------------+----------+-----------------+
| 308 | [298, 1802, 188, 824] | 338694   | [743]           |
+-----+-----------------------+----------+-----------------+
| 309 | [341, 287, 210, 944]  | 125405   | [666]           |
+-----+-----------------------+----------+-----------------+
| 310 | [46, 37, 51, 658]     | 5824     | [470]           |
+-----+-----------------------+----------+-----------------+
| 311 | [306, 1131, 192, 531] | 14353    | [793]           |
+-----+-----------------------+----------+-----------------+
| 312 | [56, 1791, 58, 917]   | 6096     | [396]           |
+-----+-----------------------+----------+-----------------+
| 313 | [18, 1130, 37, 637]   | 66303    | [788]           |
+-----+-----------------------+----------+-----------------+
| 314 | [173, 581, 120, 445]  | 107820   | [780]           |
+-----+-----------------------+----------+-----------------+
| 315 | [144, 906, 105, 887]  | 50810    | [797]           |
+-----+-----------------------+----------+-----------------+
| 316 | [345, 1500, 214, 617] | 122897   | [798]           |
+-----+-----------------------+----------+-----------------+
| 317 | [303, 2178, 192, 710] | 200482   | [59]            |
+-----+-----------------------+----------+-----------------+
| 318 | [17, 1677, 38, 815]   | 1074930  | [205]           |
+-----+-----------------------+----------+-----------------+
| 319 | [80, 205, 71, 468]    | 3829     | [157]           |
+-----+-----------------------+----------+-----------------+
| 320 | [39, 71, 49, 935]     | 10079    | [741]           |
+-----+-----------------------+----------+-----------------+
| 321 | [240, 611, 158, 641]  | 16432    | [816]           |
+-----+-----------------------+----------+-----------------+
| 322 | [237, 1153, 157, 603] | 38150    | [812]           |
+-----+-----------------------+----------+-----------------+
| 323 | [165, 1709, 119, 903] | 7540     | [166]           |
+-----+-----------------------+----------+-----------------+
| 324 | [200, 539, 138, 626]  | 140382   | [746]           |
+-----+-----------------------+----------+-----------------+
| 325 | [285, 1990, 185, 714] | 438381   | [412]           |
+-----+-----------------------+----------+-----------------+
| 326 | [186, 1893, 132, 748] | 126237   | [825]           |
+-----+-----------------------+----------+-----------------+
| 327 | [29, 1073, 47, 892]   | 41       | [593]           |
+-----+-----------------------+----------+-----------------+
| 328 | [141, 2279, 109, 945] | 164904   | [537]           |
+-----+-----------------------+----------+-----------------+
| 329 | [44, 122, 55, 988]    | 1869     | [23]            |
+-----+-----------------------+----------+-----------------+
| 330 | [318, 552, 203, 699]  | 76787    | [146]           |
+-----+-----------------------+----------+-----------------+
| 331 | [263, 1804, 175, 703] | 715447   | [792]           |
+-----+-----------------------+----------+-----------------+
| 332 | [23, 2251, 47, 523]   | 220      | [103]           |
+-----+-----------------------+----------+-----------------+
| 333 | [67, 777, 70, 652]    | 170898   | [820]           |
+-----+-----------------------+----------+-----------------+
| 334 | [180, 944, 131, 800]  | 70694    | [833]           |
+-----+-----------------------+----------+-----------------+
| 335 | [117, 1804, 98, 928]  | 2927     | [24]            |
+-----+-----------------------+----------+-----------------+
| 336 | [111, 1717, 96, 917]  | 33403    | [814]           |
+-----+-----------------------+----------+-----------------+
| 337 | [222, 1396, 156, 679] | 140694   | [835]           |
+-----+-----------------------+----------+-----------------+
| 338 | [110, 2423, 97, 642]  | 907      | [438]           |
+-----+-----------------------+----------+-----------------+
| 339 | [202, 366, 145, 802]  | 8639     | [823]           |
+-----+-----------------------+----------+-----------------+
| 340 | [271, 2468, 184, 463] | 41445    | [818]           |
+-----+-----------------------+----------+-----------------+
| 341 | [103, 1592, 94, 530]  | 184818   | [829]           |
+-----+-----------------------+----------+-----------------+
| 342 | [40, 912, 60, 605]    | 419      | [8]             |
+-----+-----------------------+----------+-----------------+
| 343 | [171, 97, 130, 991]   | 12106    | [458]           |
+-----+-----------------------+----------+-----------------+
| 344 | [48, 2354, 66, 504]   | 41640    | [18]            |
+-----+-----------------------+----------+-----------------+
| 345 | [245, 994, 171, 837]  | 80947    | [672]           |
+-----+-----------------------+----------+-----------------+
| 346 | [101, 2481, 95, 701]  | 93303    | [605]           |
+-----+-----------------------+----------+-----------------+
| 347 | [300, 103, 201, 465]  | 9467     | [791]           |
+-----+-----------------------+----------+-----------------+
| 348 | [87, 741, 87, 665]    | 126888   | [836]           |
+-----+-----------------------+----------+-----------------+
| 349 | [38, 1156, 61, 446]   | 16870    | [840]           |
+-----+-----------------------+----------+-----------------+
| 350 | [70, 584, 78, 767]    | 20778    | [838]           |
+-----+-----------------------+----------+-----------------+
| 351 | [126, 260, 108, 968]  | 1105     | [109]           |
+-----+-----------------------+----------+-----------------+
| 352 | [170, 1451, 133, 610] | 6107     | [817]           |
+-----+-----------------------+----------+-----------------+
| 353 | [327, 724, 217, 973]  | 32966    | [770]           |
+-----+-----------------------+----------+-----------------+
| 354 | [47, 1537, 67, 889]   | 4047     | [802]           |
+-----+-----------------------+----------+-----------------+
| 355 | [346, 374, 227, 873]  | 47824    | [851]           |
+-----+-----------------------+----------+-----------------+
| 356 | [216, 1399, 158, 728] | 163327   | [247]           |
+-----+-----------------------+----------+-----------------+
| 357 | [93, 131, 91, 583]    | 25763    | [850]           |
+-----+-----------------------+----------+-----------------+
| 358 | [21, 1889, 54, 655]   | 70575    | [846]           |
+-----+-----------------------+----------+-----------------+
| 359 | [152, 245, 124, 917]  | 11217    | [755]           |
+-----+-----------------------+----------+-----------------+
| 360 | [72, 238, 81, 946]    | 2470     | [756]           |
+-----+-----------------------+----------+-----------------+
| 361 | [82, 569, 87, 911]    | 243989   | [845]           |
+-----+-----------------------+----------+-----------------+
| 362 | [245, 1760, 176, 639] | 105277   | [842]           |
+-----+-----------------------+----------+-----------------+
| 363 | [119, 2228, 109, 760] | 72563    | [859]           |
+-----+-----------------------+----------+-----------------+
| 364 | [69, 2111, 82, 603]   | 18194    | [134]           |
+-----+-----------------------+----------+-----------------+
| 365 | [218, 549, 161, 600]  | 33699    | [864]           |
+-----+-----------------------+----------+-----------------+
| 366 | [317, 2261, 218, 606] | 175582   | [760]           |
+-----+-----------------------+----------+-----------------+
| 367 | [78, 1772, 89, 587]   | 127920   | [862]           |
+-----+-----------------------+----------+-----------------+
| 368 | [128, 597, 115, 536]  | 218647   | [839]           |
+-----+-----------------------+----------+-----------------+
| 369 | [111, 2401, 108, 683] | 99057    | [861]           |
+-----+-----------------------+----------+-----------------+
| 370 | [340, 783, 230, 729]  | 48057    | [703]           |
+-----+-----------------------+----------+-----------------+
| 371 | [203, 1350, 157, 839] | 88175    | [785]           |
+-----+-----------------------+----------+-----------------+
| 372 | [295, 597, 206, 962]  | 103689   | [386]           |
+-----+-----------------------+----------+-----------------+
| 373 | [149, 1180, 128, 981] | 26322    | [781]           |
+-----+-----------------------+----------+-----------------+
| 374 | [296, 740, 207, 814]  | 86273    | [800]           |
+-----+-----------------------+----------+-----------------+
| 375 | [68, 1334, 85, 772]   | 1166     | [260]           |
+-----+-----------------------+----------+-----------------+
| 376 | [287, 1421, 203, 925] | 120303   | [680]           |
+-----+-----------------------+----------+-----------------+
| 377 | [316, 2390, 220, 911] | 41797    | [874]           |
+-----+-----------------------+----------+-----------------+
| 378 | [322, 393, 222, 784]  | 119130   | [393]           |
+-----+-----------------------+----------+-----------------+
| 379 | [278, 992, 199, 481]  | 6710     | [857]           |
+-----+-----------------------+----------+-----------------+
| 380 | [335, 26, 229, 763]   | 10247    | [867]           |
+-----+-----------------------+----------+-----------------+
| 381 | [303, 44, 212, 866]   | 15162    | [657]           |
+-----+-----------------------+----------+-----------------+
| 382 | [250, 1452, 185, 594] | 18688    | [876]           |
+-----+-----------------------+----------+-----------------+
| 383 | [298, 2380, 212, 463] | 106176   | [36]            |
+-----+-----------------------+----------+-----------------+
| 384 | [199, 1420, 158, 717] | 70981    | [879]           |
+-----+-----------------------+----------+-----------------+
| 385 | [301, 1162, 213, 932] | 89825    | [640]           |
+-----+-----------------------+----------+-----------------+
| 386 | [134, 798, 123, 548]  | 176207   | [883]           |
+-----+-----------------------+----------+-----------------+
| 387 | [51, 1310, 79, 706]   | 4557     | [446]           |
+-----+-----------------------+----------+-----------------+
| 388 | [312, 524, 219, 760]  | 100743   | [828]           |
+-----+-----------------------+----------+-----------------+
| 389 | [93, 2090, 103, 676]  | 29812    | [878]           |
+-----+-----------------------+----------+-----------------+
| 390 | [243, 2066, 184, 576] | 220082   | [844]           |
+-----+-----------------------+----------+-----------------+
| 391 | [143, 1403, 130, 976] | 6545     | [475]           |
+-----+-----------------------+----------+-----------------+
| 392 | [220, 848, 171, 472]  | 136997   | [9]             |
+-----+-----------------------+----------+-----------------+
| 393 | [327, 2392, 230, 717] | 108750   | [248]           |
+-----+-----------------------+----------+-----------------+
| 394 | [197, 1116, 159, 668] | 127697   | [882]           |
+-----+-----------------------+----------+-----------------+
| 395 | [267, 828, 197, 758]  | 109739   | [849]           |
+-----+-----------------------+----------+-----------------+
| 396 | [135, 1874, 127, 691] | 115245   | [884]           |
+-----+-----------------------+----------+-----------------+
| 397 | [96, 948, 106, 964]   | 111474   | [264]           |
+-----+-----------------------+----------+-----------------+
| 398 | [103, 1069, 110, 724] | 77649    | [402]           |
+-----+-----------------------+----------+-----------------+
| 399 | [102, 338, 110, 568]  | 2643     | [687]           |
+-----+-----------------------+----------+-----------------+
| 400 | [232, 2363, 182, 593] | 147498   | [316]           |
+-----+-----------------------+----------+-----------------+
| 401 | [106, 2103, 114, 701] | 466409   | [664]           |
+-----+-----------------------+----------+-----------------+
| 402 | [265, 2456, 200, 589] | 105671   | [678]           |
+-----+-----------------------+----------+-----------------+
| 403 | [60, 1380, 89, 992]   | 10630    | [426]           |
+-----+-----------------------+----------+-----------------+
| 404 | [283, 2263, 211, 680] | 204020   | [865]           |
+-----+-----------------------+----------+-----------------+
| 405 | [48, 299, 83, 923]    | 3147     | [391]           |
+-----+-----------------------+----------+-----------------+
| 406 | [48, 1382, 84, 476]   | 12664    | [278]           |
+-----+-----------------------+----------+-----------------+
| 407 | [306, 2150, 224, 619] | 30959    | [903]           |
+-----+-----------------------+----------+-----------------+
| 408 | [145, 1651, 137, 586] | 17921    | [877]           |
+-----+-----------------------+----------+-----------------+
| 409 | [303, 1370, 222, 846] | 48089    | [906]           |
+-----+-----------------------+----------+-----------------+
| 410 | [163, 139, 146, 544]  | 25949    | [779]           |
+-----+-----------------------+----------+-----------------+
| 411 | [247, 966, 192, 551]  | 124062   | [596]           |
+-----+-----------------------+----------+-----------------+
| 412 | [122, 2175, 126, 925] | 7279     | [909]           |
+-----+-----------------------+----------+-----------------+
| 413 | [329, 183, 236, 763]  | 6254     | [887]           |
+-----+-----------------------+----------+-----------------+
| 414 | [11, 2433, 67, 829]   | 90484    | [38]            |
+-----+-----------------------+----------+-----------------+
| 415 | [317, 1924, 233, 640] | 36162    | [858]           |
+-----+-----------------------+----------+-----------------+
| 416 | [345, 1799, 248, 837] | 97844    | [870]           |
+-----+-----------------------+----------+-----------------+
| 417 | [247, 1234, 195, 920] | 27227    | [905]           |
+-----+-----------------------+----------+-----------------+
| 418 | [243, 2032, 194, 873] | 129251   | [907]           |
+-----+-----------------------+----------+-----------------+
| 419 | [243, 499, 193, 994]  | 132      | [863]           |
+-----+-----------------------+----------+-----------------+
| 420 | [13, 1198, 70, 555]   | 55111    | [308]           |
+-----+-----------------------+----------+-----------------+
| 421 | [307, 515, 229, 533]  | 10621    | [916]           |
+-----+-----------------------+----------+-----------------+
| 422 | [329, 1534, 242, 713] | 100704   | [826]           |
+-----+-----------------------+----------+-----------------+
| 423 | [135, 814, 137, 877]  | 220399   | [144]           |
+-----+-----------------------+----------+-----------------+
| 424 | [330, 588, 242, 657]  | 18050    | [901]           |
+-----+-----------------------+----------+-----------------+
| 425 | [31, 1431, 82, 973]   | 36224    | [799]           |
+-----+-----------------------+----------+-----------------+
| 426 | [174, 2413, 160, 597] | 64349    | [904]           |
+-----+-----------------------+----------+-----------------+
| 427 | [23, 298, 77, 648]    | 8248     | [367]           |
+-----+-----------------------+----------+-----------------+
| 428 | [272, 1340, 212, 989] | 135243   | [745]           |
+-----+-----------------------+----------+-----------------+
| 429 | [272, 818, 212, 564]  | 59486    | [923]           |
+-----+-----------------------+----------+-----------------+
| 430 | [51, 1687, 94, 840]   | 5638     | [651]           |
+-----+-----------------------+----------+-----------------+
| 431 | [316, 1693, 237, 765] | 921703   | [922]           |
+-----+-----------------------+----------+-----------------+
| 432 | [60, 1976, 100, 796]  | 413988   | [73]            |
+-----+-----------------------+----------+-----------------+
| 433 | [101, 368, 121, 569]  | 3310     | [690]           |
+-----+-----------------------+----------+-----------------+
| 434 | [120, 1178, 132, 620] | 205646   | [886]           |
+-----+-----------------------+----------+-----------------+
| 435 | [207, 1815, 180, 712] | 25818    | [927]           |
+-----+-----------------------+----------+-----------------+
| 436 | [245, 851, 201, 795]  | 170534   | [183]           |
+-----+-----------------------+----------+-----------------+
| 437 | [84, 1011, 115, 653]  | 255448   | [155]           |
+-----+-----------------------+----------+-----------------+
| 438 | [235, 1532, 197, 485] | 224862   | [253]           |
+-----+-----------------------+----------+-----------------+
| 439 | [68, 401, 107, 914]   | 3164     | [524]           |
+-----+-----------------------+----------+-----------------+
| 440 | [315, 2012, 242, 805] | 191393   | [933]           |
+-----+-----------------------+----------+-----------------+
| 441 | [227, 2390, 195, 491] | 140591   | [934]           |
+-----+-----------------------+----------+-----------------+
| 442 | [140, 853, 147, 585]  | 270813   | [619]           |
+-----+-----------------------+----------+-----------------+
| 443 | [220, 476, 190, 998]  | 98227    | [932]           |
+-----+-----------------------+----------+-----------------+
| 444 | [232, 2108, 198, 531] | 406903   | [579]           |
+-----+-----------------------+----------+-----------------+
| 445 | [13, 412, 79, 739]    | 1558     | [853]           |
+-----+-----------------------+----------+-----------------+
| 446 | [165, 1763, 162, 474] | 235711   | [944]           |
+-----+-----------------------+----------+-----------------+
| 447 | [135, 543, 145, 975]  | 28632    | [896]           |
+-----+-----------------------+----------+-----------------+
| 448 | [88, 812, 120, 655]   | 6263     | [888]           |
+-----+-----------------------+----------+-----------------+
| 449 | [228, 1244, 196, 573] | 60029    | [942]           |
+-----+-----------------------+----------+-----------------+
| 450 | [51, 276, 100, 858]   | 19889    | [880]           |
+-----+-----------------------+----------+-----------------+
| 451 | [289, 683, 229, 805]  | 93038    | [477]           |
+-----+-----------------------+----------+-----------------+
| 452 | [112, 432, 134, 854]  | 2525     | [919]           |
+-----+-----------------------+----------+-----------------+
| 453 | [217, 935, 191, 800]  | 190536   | [777]           |
+-----+-----------------------+----------+-----------------+
| 454 | [46, 1593, 100, 462]  | 28198    | [179]           |
+-----+-----------------------+----------+-----------------+
| 455 | [236, 255, 203, 454]  | 30677    | [936]           |
+-----+-----------------------+----------+-----------------+
| 456 | [264, 2442, 220, 919] | 115064   | [130]           |
+-----+-----------------------+----------+-----------------+
| 457 | [210, 1316, 190, 726] | 69406    | [953]           |
+-----+-----------------------+----------+-----------------+
| 458 | [313, 369, 245, 838]  | 134751   | [138]           |
+-----+-----------------------+----------+-----------------+
| 459 | [162, 1122, 165, 823] | 207100   | [926]           |
+-----+-----------------------+----------+-----------------+
| 460 | [40, 1303, 100, 954]  | 201232   | [911]           |
+-----+-----------------------+----------+-----------------+
| 461 | [201, 424, 186, 717]  | 224127   | [33]            |
+-----+-----------------------+----------+-----------------+
| 462 | [166, 563, 168, 444]  | 207296   | [954]           |
+-----+-----------------------+----------+-----------------+
| 463 | [234, 1921, 207, 703] | 3481     | [949]           |
+-----+-----------------------+----------+-----------------+
| 464 | [256, 344, 218, 446]  | 190413   | [509]           |
+-----+-----------------------+----------+-----------------+
| 465 | [302, 767, 244, 496]  | 86049    | [928]           |
+-----+-----------------------+----------+-----------------+
| 466 | [147, 2358, 162, 503] | 137039   | [961]           |
+-----+-----------------------+----------+-----------------+
| 467 | [116, 509, 144, 685]  | 294813   | [609]           |
+-----+-----------------------+----------+-----------------+
| 468 | [304, 202, 245, 716]  | 4844     | [925]           |
+-----+-----------------------+----------+-----------------+
| 469 | [71, 1502, 121, 627]  | 189060   | [955]           |
+-----+-----------------------+----------+-----------------+
| 470 | [77, 1763, 125, 570]  | 123863   | [967]           |
+-----+-----------------------+----------+-----------------+
| 471 | [220, 429, 201, 855]  | 221768   | [121]           |
+-----+-----------------------+----------+-----------------+
| 472 | [297, 772, 243, 834]  | 115988   | [324]           |
+-----+-----------------------+----------+-----------------+
| 473 | [102, 127, 138, 512]  | 119120   | [912]           |
+-----+-----------------------+----------+-----------------+
| 474 | [165, 183, 172, 645]  | 84595    | [362]           |
+-----+-----------------------+----------+-----------------+
| 475 | [152, 2491, 167, 565] | 1446     | [973]           |
+-----+-----------------------+----------+-----------------+
| 476 | [256, 884, 222, 558]  | 170786   | [363]           |
+-----+-----------------------+----------+-----------------+
| 477 | [176, 111, 179, 680]  | 90711    | [722]           |
+-----+-----------------------+----------+-----------------+
| 478 | [128, 1073, 154, 946] | 94857    | [971]           |
+-----+-----------------------+----------+-----------------+
| 479 | [259, 98, 224, 887]   | 48224    | [118]           |
+-----+-----------------------+----------+-----------------+
| 480 | [153, 1022, 168, 945] | 169267   | [960]           |
+-----+-----------------------+----------+-----------------+
| 481 | [82, 2239, 132, 503]  | 33037    | [970]           |
+-----+-----------------------+----------+-----------------+
| 482 | [128, 2452, 157, 463] | 104352   | [915]           |
+-----+-----------------------+----------+-----------------+
| 483 | [142, 335, 163, 965]  | 347909   | [288]           |
+-----+-----------------------+----------+-----------------+
| 484 | [49, 2166, 115, 618]  | 50170    | [946]           |
+-----+-----------------------+----------+-----------------+
| 485 | [62, 1513, 122, 769]  | 52025    | [969]           |
+-----+-----------------------+----------+-----------------+
| 486 | [281, 1482, 240, 761] | 77724    | [939]           |
+-----+-----------------------+----------+-----------------+
| 487 | [281, 455, 240, 464]  | 170575   | [868]           |
+-----+-----------------------+----------+-----------------+
| 488 | [74, 778, 129, 882]   | 9171     | [822]           |
+-----+-----------------------+----------+-----------------+
| 489 | [21, 64, 101, 998]    | 18691    | [132]           |
+-----+-----------------------+----------+-----------------+
| 490 | [275, 1510, 239, 668] | 198131   | [984]           |
+-----+-----------------------+----------+-----------------+
| 491 | [210, 53, 203, 831]   | 2527     | [506]           |
+-----+-----------------------+----------+-----------------+
| 492 | [56, 909, 121, 716]   | 7887     | [185]           |
+-----+-----------------------+----------+-----------------+
| 493 | [36, 531, 110, 947]   | 2647     | [284]           |
+-----+-----------------------+----------+-----------------+
| 494 | [27, 191, 105, 709]   | 524      | [431]           |
+-----+-----------------------+----------+-----------------+
| 495 | [143, 576, 168, 918]  | 265819   | [982]           |
+-----+-----------------------+----------+-----------------+
| 496 | [141, 1829, 168, 707] | 253431   | [964]           |
+-----+-----------------------+----------+-----------------+
| 497 | [55, 597, 121, 545]   | 591      | [255]           |
+-----+-----------------------+----------+-----------------+
| 498 | [62, 2320, 127, 445]  | 225734   | [631]           |
+-----+-----------------------+----------+-----------------+
| 499 | [62, 881, 126, 756]   | 28795    | [937]           |
+-----+-----------------------+----------+-----------------+
| 500 | [172, 1723, 186, 969] | 290421   | [941]           |
+-----+-----------------------+----------+-----------------+
| 501 | [107, 852, 151, 915]  | 224153   | [989]           |
+-----+-----------------------+----------+-----------------+
| 502 | [282, 373, 245, 714]  | 199845   | [193]           |
+-----+-----------------------+----------+-----------------+
| 503 | [255, 967, 231, 843]  | 96933    | [990]           |
+-----+-----------------------+----------+-----------------+
| 504 | [107, 1268, 152, 849] | 207806   | [999]           |
+-----+-----------------------+----------+-----------------+
| 505 | [258, 1827, 234, 770] | 183233   | [952]           |
+-----+-----------------------+----------+-----------------+
| 506 | [17, 903, 104, 467]   | 13650    | [660]           |
+-----+-----------------------+----------+-----------------+
| 507 | [127, 1534, 164, 746] | 507937   | [981]           |
+-----+-----------------------+----------+-----------------+
| 508 | [37, 579, 115, 946]   | 4762     | [482]           |
+-----+-----------------------+----------+-----------------+
| 509 | [10, 1072, 101, 602]  | 5781     | [834]           |
+-----+-----------------------+----------+-----------------+
| 510 | [45, 2362, 121, 822]  | 100475   | [784]           |
+-----+-----------------------+----------+-----------------+
| 511 | [160, 1280, 182, 457] | 262764   | [646]           |
+-----+-----------------------+----------+-----------------+
| 512 | [15, 1152, 104, 704]  | 255198   | [686]           |
+-----+-----------------------+----------+-----------------+
| 513 | [179, 1123, 193, 634] | 192608   | [979]           |
+-----+-----------------------+----------+-----------------+
| 514 | [210, 1287, 210, 867] | 238732   | [921]           |
+-----+-----------------------+----------+-----------------+
| 515 | [58, 1546, 129, 862]  | 115571   | [645]           |
+-----+-----------------------+----------+-----------------+
| 516 | [120, 77, 162, 452]   | 156689   | [480]           |
+-----+-----------------------+----------+-----------------+
| 517 | [262, 142, 239, 942]  | 76276    | [199]           |
+-----+-----------------------+----------+-----------------+
| 518 | [17, 1140, 108, 642]  | 268708   | [226]           |
+-----+-----------------------+----------+-----------------+
| 519 | [258, 1488, 239, 522] | 577877   | [985]           |
+-----+-----------------------+----------+-----------------+
| 520 | [48, 411, 126, 747]   | 11271    | [219]           |
+-----+-----------------------+----------+-----------------+
| 521 | [233, 2258, 228, 461] | 219525   | [966]           |
+-----+-----------------------+----------+-----------------+
| 522 | [119, 1180, 166, 908] | 266418   | [312]           |
+-----+-----------------------+----------+-----------------+
| 523 | [233, 1858, 228, 725] | 314256   | [976]           |
+-----+-----------------------+----------+-----------------+
| 524 | [152, 2322, 185, 732] | 229331   | [78]            |
+-----+-----------------------+----------+-----------------+
| 525 | [157, 10, 186, 897]   | 16186    | [603]           |
+-----+-----------------------+----------+-----------------+
| 526 | [175, 218, 196, 645]  | 167343   | [996]           |
+-----+-----------------------+----------+-----------------+
| 527 | [114, 1088, 164, 737] | 270145   | [511]           |
+-----+-----------------------+----------+-----------------+
| 528 | [96, 641, 154, 488]   | 33282    | [995]           |
+-----+-----------------------+----------+-----------------+
| 529 | [176, 287, 197, 566]  | 409965   | [229]           |
+-----+-----------------------+----------+-----------------+
| 530 | [21, 751, 115, 877]   | 408406   | [758]           |
+-----+-----------------------+----------+-----------------+
| 531 | [93, 1077, 155, 701]  | 331394   | [296]           |
+-----+-----------------------+----------+-----------------+
| 532 | [142, 1646, 182, 858] | 1203454  | [668]           |
+-----+-----------------------+----------+-----------------+
| 533 | [147, 673, 184, 462]  | 277375   | [373]           |
+-----+-----------------------+----------+-----------------+
| 534 | [178, 1913, 202, 563] | 762446   | [6]             |
+-----+-----------------------+----------+-----------------+
| 535 | [186, 368, 205, 777]  | 375462   | [725]           |
+-----+-----------------------+----------+-----------------+
| 536 | [262, 2497, 248, 788] | 105523   | [848]           |
+-----+-----------------------+----------+-----------------+
| 537 | [11, 983, 112, 627]   | 445544   | [75]            |
+-----+-----------------------+----------+-----------------+
| 538 | [192, 1364, 210, 958] | 1847547  | [268]           |
+-----+-----------------------+----------+-----------------+
| 539 | [20, 17, 117, 795]    | 48199    | [104]           |
+-----+-----------------------+----------+-----------------+
| 540 | [111, 1117, 167, 731] | 329897   | [341]           |
+-----+-----------------------+----------+-----------------+
| 541 | [224, 1850, 229, 522] | 874051   | [464]           |
+-----+-----------------------+----------+-----------------+
| 542 | [262, 1194, 249, 950] | 2405197  | [469]           |
+-----+-----------------------+----------+-----------------+
| 543 | [112, 831, 168, 693]  | 361880   | [705]           |
+-----+-----------------------+----------+-----------------+
| 544 | [45, 2077, 133, 630]  | 633417   | [107]           |
+-----+-----------------------+----------+-----------------+
| 545 | [18, 2497, 119, 821]  | 120450   | [638]           |
+-----+-----------------------+----------+-----------------+
| 546 | [237, 2286, 238, 453] | 277987   | [39]            |
+-----+-----------------------+----------+-----------------+
| 547 | [86, 2348, 157, 671]  | 295049   | [993]           |
+-----+-----------------------+----------+-----------------+
| 548 | [67, 1171, 146, 499]  | 2689050  | [142]           |
+-----+-----------------------+----------+-----------------+
| 549 | [108, 2259, 169, 713] | 399729   | [61]            |
+-----+-----------------------+----------+-----------------+
| 550 | [107, 1329, 168, 686] | 2215961  | [935]           |
+-----+-----------------------+----------+-----------------+
| 551 | [119, 1227, 175, 913] | 2514922  | [495]           |
+-----+-----------------------+----------+-----------------+
| 552 | [148, 342, 190, 709]  | 6054283  | [650]           |
+-----+-----------------------+----------+-----------------+
| 553 | [110, 1923, 171, 585] | 868856   | [641]           |
+-----+-----------------------+----------+-----------------+
| 554 | [107, 1982, 170, 762] | 796963   | [90]            |
+-----+-----------------------+----------+-----------------+
| 555 | [165, 1853, 202, 912] | 1016019  | [11]            |
+-----+-----------------------+----------+-----------------+
| 556 | [59, 179, 144, 973]   | 10041    | [902]           |
+-----+-----------------------+----------+-----------------+
| 557 | [116, 1085, 176, 493] | 3068458  | [32]            |
+-----+-----------------------+----------+-----------------+
| 558 | [111, 2463, 175, 809] | 193961   | [244]           |
+-----+-----------------------+----------+-----------------+
| 559 | [163, 2324, 203, 646] | 333630   | [634]           |
+-----+-----------------------+----------+-----------------+
| 560 | [25, 1332, 128, 728]  | 184242   | [622]           |
+-----+-----------------------+----------+-----------------+
| 561 | [211, 1898, 229, 504] | 935464   | [317]           |
+-----+-----------------------+----------+-----------------+
| 562 | [214, 1581, 231, 672] | 1599064  | [837]           |
+-----+-----------------------+----------+-----------------+
| 563 | [100, 1835, 170, 859] | 1125711  | [231]           |
+-----+-----------------------+----------+-----------------+
| 564 | [141, 1489, 192, 850] | 1914203  | [141]           |
+-----+-----------------------+----------+-----------------+
| 565 | [71, 731, 154, 466]   | 4593127  | [688]           |
+-----+-----------------------+----------+-----------------+
| 566 | [218, 2143, 235, 550] | 559017   | [757]           |
+-----+-----------------------+----------+-----------------+
| 567 | [221, 2336, 237, 501] | 325467   | [565]           |
+-----+-----------------------+----------+-----------------+
| 568 | [182, 1178, 217, 927] | 2958208  | [423]           |
+-----+-----------------------+----------+-----------------+
| 569 | [153, 397, 201, 915]  | 6283481  | [742]           |
+-----+-----------------------+----------+-----------------+
| 570 | [138, 1650, 194, 981] | 1584927  | [968]           |
+-----+-----------------------+----------+-----------------+
| 571 | [120, 1445, 185, 879] | 2233332  | [950]           |
+-----+-----------------------+----------+-----------------+
| 572 | [218, 433, 237, 953]  | 6286288  | [983]           |
+-----+-----------------------+----------+-----------------+
| 573 | [140, 1272, 196, 729] | 2869073  | [518]           |
+-----+-----------------------+----------+-----------------+
| 574 | [185, 1855, 221, 523] | 1250045  | [790]           |
+-----+-----------------------+----------+-----------------+
| 575 | [16, 2353, 131, 486]  | 224      | [775]           |
+-----+-----------------------+----------+-----------------+
| 576 | [40, 312, 143, 532]   | 45974    | [282]           |
+-----+-----------------------+----------+-----------------+
| 577 | [29, 385, 139, 824]   | 63792    | [988]           |
+-----+-----------------------+----------+-----------------+
| 578 | [89, 851, 172, 981]   | 4293366  | [501]           |
+-----+-----------------------+----------+-----------------+
| 579 | [61, 2107, 158, 709]  | 672716   | [486]           |
+-----+-----------------------+----------+-----------------+
| 580 | [183, 941, 225, 542]  | 4104854  | [126]           |
+-----+-----------------------+----------+-----------------+
| 581 | [97, 649, 179, 672]   | 5290404  | [562]           |
+-----+-----------------------+----------+-----------------+
| 582 | [174, 2331, 222, 919] | 458953   | [576]           |
+-----+-----------------------+----------+-----------------+
| 583 | [75, 498, 168, 897]   | 6051759  | [769]           |
+-----+-----------------------+----------+-----------------+
| 584 | [181, 2285, 227, 722] | 530661   | [409]           |
+-----+-----------------------+----------+-----------------+
| 585 | [146, 1211, 208, 572] | 3083864  | [164]           |
+-----+-----------------------+----------+-----------------+
| 586 | [115, 21, 191, 594]   | 42723    | [737]           |
+-----+-----------------------+----------+-----------------+
| 587 | [57, 2326, 162, 591]  | 388123   | [795]           |
+-----+-----------------------+----------+-----------------+
| 588 | [159, 841, 216, 794]  | 4654867  | [685]           |
+-----+-----------------------+----------+-----------------+
| 589 | [206, 200, 241, 563]  | 160113   | [913]           |
+-----+-----------------------+----------+-----------------+
| 590 | [93, 2133, 182, 475]  | 692518   | [992]           |
+-----+-----------------------+----------+-----------------+
| 591 | [21, 2412, 145, 797]  | 240684   | [181]           |
+-----+-----------------------+----------+-----------------+
| 592 | [154, 1066, 216, 994] | 3760809  | [508]           |
+-----+-----------------------+----------+-----------------+
| 593 | [160, 1955, 220, 670] | 1133899  | [794]           |
+-----+-----------------------+----------+-----------------+
| 594 | [186, 687, 233, 685]  | 5339004  | [360]           |
+-----+-----------------------+----------+-----------------+
| 595 | [175, 1656, 228, 466] | 1879188  | [776]           |
+-----+-----------------------+----------+-----------------+
| 596 | [24, 212, 146, 799]   | 190466   | [388]           |
+-----+-----------------------+----------+-----------------+
| 597 | [49, 1746, 161, 460]  | 1389949  | [318]           |
+-----+-----------------------+----------+-----------------+
| 598 | [138, 436, 209, 658]  | 6714466  | [930]           |
+-----+-----------------------+----------+-----------------+
| 599 | [47, 783, 161, 983]   | 4828460  | [298]           |
+-----+-----------------------+----------+-----------------+
| 600 | [75, 1035, 178, 711]  | 4023865  | [428]           |
+-----+-----------------------+----------+-----------------+
| 601 | [199, 714, 246, 472]  | 5412044  | [978]           |
+-----+-----------------------+----------+-----------------+
| 602 | [192, 90, 242, 719]   | 119561   | [265]           |
+-----+-----------------------+----------+-----------------+
| 603 | [147, 1506, 219, 651] | 2435886  | [147]           |
+-----+-----------------------+----------+-----------------+
| 604 | [60, 84, 172, 943]    | 249315   | [786]           |
+-----+-----------------------+----------+-----------------+
| 605 | [182, 1327, 239, 641] | 3039081  | [340]           |
+-----+-----------------------+----------+-----------------+
| 606 | [92, 577, 190, 946]   | 6226277  | [805]           |
+-----+-----------------------+----------+-----------------+
| 607 | [132, 2410, 214, 855] | 466369   | [427]           |
+-----+-----------------------+----------+-----------------+
| 608 | [101, 1739, 197, 457] | 1868685  | [991]           |
+-----+-----------------------+----------+-----------------+
| 609 | [28, 2345, 159, 724]  | 375761   | [96]            |
+-----+-----------------------+----------+-----------------+
| 610 | [166, 1419, 233, 982] | 2781792  | [468]           |
+-----+-----------------------+----------+-----------------+
| 611 | [105, 706, 200, 814]  | 5638746  | [220]           |
+-----+-----------------------+----------+-----------------+
| 612 | [16, 1595, 153, 679]  | 6357     | [434]           |
+-----+-----------------------+----------+-----------------+
| 613 | [59, 211, 175, 971]   | 316311   | [890]           |
+-----+-----------------------+----------+-----------------+
| 614 | [102, 1099, 199, 469] | 4078688  | [568]           |
+-----+-----------------------+----------+-----------------+
| 615 | [98, 740, 198, 530]   | 5666304  | [186]           |
+-----+-----------------------+----------+-----------------+
| 616 | [152, 872, 228, 959]  | 5040015  | [435]           |
+-----+-----------------------+----------+-----------------+
| 617 | [114, 2282, 209, 495] | 708186   | [566]           |
+-----+-----------------------+----------+-----------------+
| 618 | [16, 2269, 157, 876]  | 3806     | [350]           |
+-----+-----------------------+----------+-----------------+
| 619 | [157, 1557, 233, 962] | 2468267  | [77]            |
+-----+-----------------------+----------+-----------------+
| 620 | [138, 1657, 225, 794] | 2199262  | [809]           |
+-----+-----------------------+----------+-----------------+
| 621 | [78, 1946, 194, 627]  | 1203270  | [392]           |
+-----+-----------------------+----------+-----------------+
| 622 | [121, 566, 216, 783]  | 6522352  | [894]           |
+-----+-----------------------+----------+-----------------+
| 623 | [44, 932, 175, 519]   | 4211311  | [335]           |
+-----+-----------------------+----------+-----------------+
| 624 | [165, 1411, 241, 778] | 3010900  | [841]           |
+-----+-----------------------+----------+-----------------+
| 625 | [82, 779, 196, 548]   | 5621542  | [713]           |
+-----+-----------------------+----------+-----------------+
| 626 | [141, 2038, 230, 898] | 1268133  | [314]           |
+-----+-----------------------+----------+-----------------+
| 627 | [20, 326, 164, 653]   | 120494   | [158]           |
+-----+-----------------------+----------+-----------------+
| 628 | [161, 1337, 241, 907] | 3317530  | [747]           |
+-----+-----------------------+----------+-----------------+
| 629 | [131, 1267, 225, 572] | 3602004  | [694]           |
+-----+-----------------------+----------+-----------------+
| 630 | [39, 400, 175, 907]   | 7028915  | [68]            |
+-----+-----------------------+----------+-----------------+
| 631 | [133, 224, 226, 935]  | 8657044  | [225]           |
+-----+-----------------------+----------+-----------------+
| 632 | [104, 1656, 212, 966] | 2301157  | [552]           |
+-----+-----------------------+----------+-----------------+
| 633 | [161, 729, 243, 983]  | 5975423  | [474]           |
+-----+-----------------------+----------+-----------------+
| 634 | [103, 990, 212, 970]  | 4788964  | [945]           |
+-----+-----------------------+----------+-----------------+
| 635 | [21, 1127, 168, 558]  | 490031   | [711]           |
+-----+-----------------------+----------+-----------------+
| 636 | [90, 203, 205, 856]   | 346770   | [720]           |
+-----+-----------------------+----------+-----------------+
| 637 | [13, 1565, 165, 540]  | 161651   | [366]           |
+-----+-----------------------+----------+-----------------+
| 638 | [141, 16, 234, 867]   | 36395    | [35]            |
+-----+-----------------------+----------+-----------------+
| 639 | [91, 651, 208, 964]   | 6412560  | [448]           |
+-----+-----------------------+----------+-----------------+
| 640 | [12, 100, 166, 917]   | 432864   | [811]           |
+-----+-----------------------+----------+-----------------+
| 641 | [125, 2234, 229, 978] | 933454   | [440]           |
+-----+-----------------------+----------+-----------------+
| 642 | [28, 1293, 176, 993]  | 3267637  | [665]           |
+-----+-----------------------+----------+-----------------+
| 643 | [163, 762, 249, 566]  | 5823078  | [425]           |
+-----+-----------------------+----------+-----------------+
| 644 | [83, 1473, 207, 729]  | 3075637  | [555]           |
+-----+-----------------------+----------+-----------------+
| 645 | [101, 216, 216, 646]  | 8995699  | [56]            |
+-----+-----------------------+----------+-----------------+
| 646 | [143, 2326, 241, 628] | 824837   | [771]           |
+-----+-----------------------+----------+-----------------+
| 647 | [85, 1127, 211, 774]  | 4464536  | [154]           |
+-----+-----------------------+----------+-----------------+
| 648 | [13, 287, 172, 498]   | 8060055  | [133]           |
+-----+-----------------------+----------+-----------------+
| 649 | [81, 22, 211, 724]    | 139375   | [3]             |
+-----+-----------------------+----------+-----------------+
| 650 | [78, 1791, 211, 893]  | 2134528  | [387]           |
+-----+-----------------------+----------+-----------------+
| 651 | [143, 363, 245, 994]  | 8249672  | [943]           |
+-----+-----------------------+----------+-----------------+
| 652 | [19, 1440, 182, 551]  | 2937673  | [803]           |
+-----+-----------------------+----------+-----------------+
| 653 | [10, 2083, 178, 747]  | 1162084  | [855]           |
+-----+-----------------------+----------+-----------------+
| 654 | [21, 778, 183, 769]   | 6184323  | [95]            |
+-----+-----------------------+----------+-----------------+
| 655 | [19, 2383, 186, 804]  | 817611   | [113]           |
+-----+-----------------------+----------+-----------------+
| 656 | [38, 1968, 196, 677]  | 1758337  | [604]           |
+-----+-----------------------+----------+-----------------+
| 657 | [59, 1951, 208, 778]  | 1819174  | [924]           |
+-----+-----------------------+----------+-----------------+
| 658 | [28, 971, 191, 517]   | 5342485  | [359]           |
+-----+-----------------------+----------+-----------------+
| 659 | [42, 150, 198, 611]   | 9712518  | [796]           |
+-----+-----------------------+----------+-----------------+
| 660 | [49, 2122, 204, 851]  | 1434174  | [334]           |
+-----+-----------------------+----------+-----------------+
| 661 | [18, 300, 187, 816]   | 8849156  | [25]            |
+-----+-----------------------+----------+-----------------+
| 662 | [81, 1994, 224, 667]  | 1719054  | [26]            |
+-----+-----------------------+----------+-----------------+
| 663 | [73, 684, 219, 527]   | 6935112  | [716]           |
+-----+-----------------------+----------+-----------------+
| 664 | [26, 63, 194, 874]    | 339546   | [151]           |
+-----+-----------------------+----------+-----------------+
| 665 | [65, 2415, 217, 520]  | 884261   | [719]           |
+-----+-----------------------+----------+-----------------+
| 666 | [25, 687, 195, 620]   | 6973631  | [404]           |
+-----+-----------------------+----------+-----------------+
| 667 | [82, 813, 226, 697]   | 6316664  | [610]           |
+-----+-----------------------+----------+-----------------+
| 668 | [50, 1566, 210, 852]  | 3204115  | [177]           |
+-----+-----------------------+----------+-----------------+
| 669 | [47, 2134, 209, 777]  | 1518115  | [972]           |
+-----+-----------------------+----------+-----------------+
| 670 | [42, 1702, 209, 899]  | 2772709  | [815]           |
+-----+-----------------------+----------+-----------------+
| 671 | [28, 1056, 201, 989]  | 5258611  | [507]           |
+-----+-----------------------+----------+-----------------+
| 672 | [100, 2012, 241, 860] | 1843121  | [430]           |
+-----+-----------------------+----------+-----------------+
| 673 | [56, 1214, 218, 692]  | 4609976  | [123]           |
+-----+-----------------------+----------+-----------------+
| 674 | [68, 599, 224, 860]   | 7566723  | [289]           |
+-----+-----------------------+----------+-----------------+
| 675 | [46, 2190, 214, 728]  | 1454587  | [744]           |
+-----+-----------------------+----------+-----------------+
| 676 | [16, 1549, 199, 929]  | 3400646  | [245]           |
+-----+-----------------------+----------+-----------------+
| 677 | [36, 808, 211, 916]   | 6654484  | [831]           |
+-----+-----------------------+----------+-----------------+
| 678 | [22, 76, 203, 588]    | 393215   | [674]           |
+-----+-----------------------+----------+-----------------+
| 679 | [61, 1190, 228, 821]  | 4873740  | [636]           |
+-----+-----------------------+----------+-----------------+
| 680 | [72, 556, 234, 856]   | 7980875  | [832]           |
+-----+-----------------------+----------+-----------------+
| 681 | [27, 1808, 215, 854]  | 2573249  | [99]            |
+-----+-----------------------+----------+-----------------+
| 682 | [62, 77, 235, 807]    | 10876505 | [98]            |
+-----+-----------------------+----------+-----------------+
| 683 | [69, 757, 240, 523]   | 6966633  | [869]           |
+-----+-----------------------+----------+-----------------+
| 684 | [75, 835, 245, 967]   | 6610891  | [821]           |
+-----+-----------------------+----------+-----------------+
| 685 | [67, 1077, 241, 775]  | 5441842  | [390]           |
+-----+-----------------------+----------+-----------------+
| 686 | [70, 330, 242, 883]   | 9517460  | [462]           |
+-----+-----------------------+----------+-----------------+
| 687 | [65, 585, 243, 829]   | 8030515  | [871]           |
+-----+-----------------------+----------+-----------------+
| 688 | [15, 1309, 217, 831]  | 4461931  | [476]           |
+-----+-----------------------+----------+-----------------+
| 689 | [75, 302, 249, 647]   | 9742387  | [345]           |
+-----+-----------------------+----------+-----------------+
| 690 | [55, 1651, 240, 765]  | 3226260  | [236]           |
+-----+-----------------------+----------+-----------------+
| 691 | [41, 1606, 235, 837]  | 3326855  | [917]           |
+-----+-----------------------+----------+-----------------+
| 692 | [43, 664, 236, 905]   | 7697923  | [212]           |
+-----+-----------------------+----------+-----------------+
| 693 | [37, 1256, 240, 957]  | 4860666  | [512]           |
+-----+-----------------------+----------+-----------------+
| 694 | [47, 1750, 250, 470]  | 2955573  | [540]           |
+-----+-----------------------+----------+-----------------+
| 695 | [25, 1215, 238, 700]  | 4888464  | [273]           |
+-----+-----------------------+----------+-----------------+
| 696 | [10, 1239, 230, 841]  | 5034288  | [481]           |
+-----+-----------------------+----------+-----------------+
| 697 | [16, 2264, 235, 965]  | 1505146  | [659]           |
+-----+-----------------------+----------+-----------------+
| 698 | [16, 348, 234, 892]   | 9744493  | [484]           |
+-----+-----------------------+----------+-----------------+
| 699 | [17, 1476, 246, 747]  | 4056491  | [535]           |
+-----+-----------------------+----------+-----------------+

Total OF: 572841530
Runtime: 1
latencies: 0.13506 - 94.9243%
filter  : 0.00608414 - 4.27611%
search  : 0.000910473 - 0.639907%
--------------Times execs----------------
    0: 0.142282
 mean: 0.142282
   sd: 0

First ignored:

 mean: 0
   sd: 0

----------------------
