Number of jobs: 200

+-----+-----------------------+--------+-----------------+
| Job | [Jr,Jb,Jl,Jo]         | OF     | Allocated nodes |
+-----+-----------------------+--------+-----------------+
| 0   | [350, 1967, 47, 509]  | 7584   | [156]           |
+-----+-----------------------+--------+-----------------+
| 1   | [305, 1313, 36, 682]  | 4068   | [554]           |
+-----+-----------------------+--------+-----------------+
| 2   | [298, 214, 34, 704]   | 679596 | [353]           |
+-----+-----------------------+--------+-----------------+
| 3   | [297, 659, 51, 829]   | 78631  | [621]           |
+-----+-----------------------+--------+-----------------+
| 4   | [342, 2111, 78, 935]  | 1916   | [238]           |
+-----+-----------------------+--------+-----------------+
| 5   | [275, 1685, 42, 924]  | 9905   | [127]           |
+-----+-----------------------+--------+-----------------+
| 6   | [339, 1601, 77, 687]  | 3216   | [571]           |
+-----+-----------------------+--------+-----------------+
| 7   | [336, 1458, 76, 932]  | 8718   | [876]           |
+-----+-----------------------+--------+-----------------+
| 8   | [325, 1335, 71, 784]  | 2124   | [333]           |
+-----+-----------------------+--------+-----------------+
| 9   | [343, 1191, 81, 839]  | 2707   | [352]           |
+-----+-----------------------+--------+-----------------+
| 10  | [279, 1165, 52, 814]  | 4615   | [397]           |
+-----+-----------------------+--------+-----------------+
| 11  | [339, 2374, 88, 472]  | 2241   | [277]           |
+-----+-----------------------+--------+-----------------+
| 12  | [284, 79, 59, 447]    | 1577   | [531]           |
+-----+-----------------------+--------+-----------------+
| 13  | [346, 2116, 99, 613]  | 4311   | [270]           |
+-----+-----------------------+--------+-----------------+
| 14  | [318, 2404, 85, 930]  | 263    | [682]           |
+-----+-----------------------+--------+-----------------+
| 15  | [260, 1723, 58, 668]  | 2534   | [627]           |
+-----+-----------------------+--------+-----------------+
| 16  | [275, 1364, 68, 763]  | 2365   | [692]           |
+-----+-----------------------+--------+-----------------+
| 17  | [235, 810, 50, 748]   | 19741  | [382]           |
+-----+-----------------------+--------+-----------------+
| 18  | [307, 905, 89, 810]   | 4412   | [797]           |
+-----+-----------------------+--------+-----------------+
| 19  | [305, 2382, 90, 802]  | 879    | [339]           |
+-----+-----------------------+--------+-----------------+
| 20  | [339, 456, 107, 530]  | 1959   | [241]           |
+-----+-----------------------+--------+-----------------+
| 21  | [335, 1502, 106, 798] | 3927   | [533]           |
+-----+-----------------------+--------+-----------------+
| 22  | [217, 540, 47, 630]   | 26996  | [203]           |
+-----+-----------------------+--------+-----------------+
| 23  | [292, 1101, 88, 549]  | 1417   | [653]           |
+-----+-----------------------+--------+-----------------+
| 24  | [242, 986, 63, 824]   | 6192   | [15]            |
+-----+-----------------------+--------+-----------------+
| 25  | [266, 1656, 79, 464]  | 9849   | [723]           |
+-----+-----------------------+--------+-----------------+
| 26  | [213, 2146, 52, 606]  | 1367   | [460]           |
+-----+-----------------------+--------+-----------------+
| 27  | [235, 2328, 64, 489]  | 31145  | [191]           |
+-----+-----------------------+--------+-----------------+
| 28  | [241, 1744, 68, 632]  | 5605   | [369]           |
+-----+-----------------------+--------+-----------------+
| 29  | [285, 1921, 94, 979]  | 356    | [949]           |
+-----+-----------------------+--------+-----------------+
| 30  | [294, 611, 98, 474]   | 706    | [916]           |
+-----+-----------------------+--------+-----------------+
| 31  | [203, 2439, 51, 936]  | 3146   | [125]           |
+-----+-----------------------+--------+-----------------+
| 32  | [179, 1021, 38, 533]  | 3870   | [263]           |
+-----+-----------------------+--------+-----------------+
| 33  | [176, 973, 48, 788]   | 1240   | [702]           |
+-----+-----------------------+--------+-----------------+
| 34  | [143, 680, 32, 601]   | 143892 | [503]           |
+-----+-----------------------+--------+-----------------+
| 35  | [246, 1642, 90, 643]  | 22420  | [835]           |
+-----+-----------------------+--------+-----------------+
| 36  | [239, 127, 88, 897]   | 2798   | [602]           |
+-----+-----------------------+--------+-----------------+
| 37  | [278, 1996, 111, 586] | 3121   | [131]           |
+-----+-----------------------+--------+-----------------+
| 38  | [346, 2337, 149, 630] | 14372  | [86]            |
+-----+-----------------------+--------+-----------------+
| 39  | [308, 2179, 131, 821] | 2773   | [455]           |
+-----+-----------------------+--------+-----------------+
| 40  | [244, 1625, 101, 552] | 52     | [721]           |
+-----+-----------------------+--------+-----------------+
| 41  | [121, 2093, 38, 822]  | 40328  | [946]           |
+-----+-----------------------+--------+-----------------+
| 42  | [200, 2036, 81, 661]  | 3192   | [654]           |
+-----+-----------------------+--------+-----------------+
| 43  | [214, 678, 88, 728]   | 3682   | [864]           |
+-----+-----------------------+--------+-----------------+
| 44  | [195, 1792, 79, 510]  | 6951   | [102]           |
+-----+-----------------------+--------+-----------------+
| 45  | [271, 575, 121, 686]  | 282    | [258]           |
+-----+-----------------------+--------+-----------------+
| 46  | [346, 1438, 163, 612] | 14335  | [879]           |
+-----+-----------------------+--------+-----------------+
| 47  | [232, 577, 101, 868]  | 8374   | [582]           |
+-----+-----------------------+--------+-----------------+
| 48  | [332, 1075, 158, 625] | 1920   | [171]           |
+-----+-----------------------+--------+-----------------+
| 49  | [298, 1016, 141, 483] | 2555   | [857]           |
+-----+-----------------------+--------+-----------------+
| 50  | [180, 401, 78, 571]   | 15998  | [863]           |
+-----+-----------------------+--------+-----------------+
| 51  | [202, 636, 91, 732]   | 10804  | [159]           |
+-----+-----------------------+--------+-----------------+
| 52  | [210, 927, 97, 497]   | 2069   | [46]            |
+-----+-----------------------+--------+-----------------+
| 53  | [188, 1483, 87, 645]  | 1783   | [817]           |
+-----+-----------------------+--------+-----------------+
| 54  | [309, 2086, 153, 708] | 220    | [303]           |
+-----+-----------------------+--------+-----------------+
| 55  | [124, 2022, 56, 456]  | 333    | [600]           |
+-----+-----------------------+--------+-----------------+
| 56  | [305, 2406, 154, 965] | 16909  | [91]            |
+-----+-----------------------+--------+-----------------+
| 57  | [201, 1041, 97, 683]  | 1760   | [595]           |
+-----+-----------------------+--------+-----------------+
| 58  | [113, 564, 50, 986]   | 13692  | [734]           |
+-----+-----------------------+--------+-----------------+
| 59  | [141, 1485, 68, 452]  | 127351 | [452]           |
+-----+-----------------------+--------+-----------------+
| 60  | [119, 787, 56, 545]   | 7912   | [0]             |
+-----+-----------------------+--------+-----------------+
| 61  | [118, 701, 57, 858]   | 361    | [262]           |
+-----+-----------------------+--------+-----------------+
| 62  | [122, 2043, 62, 679]  | 6881   | [683]           |
+-----+-----------------------+--------+-----------------+
| 63  | [327, 2245, 173, 846] | 3181   | [416]           |
+-----+-----------------------+--------+-----------------+
| 64  | [233, 1090, 125, 449] | 988    | [7]             |
+-----+-----------------------+--------+-----------------+
| 65  | [283, 2296, 153, 641] | 1948   | [577]           |
+-----+-----------------------+--------+-----------------+
| 66  | [188, 2485, 103, 853] | 4646   | [561]           |
+-----+-----------------------+--------+-----------------+
| 67  | [269, 2283, 147, 602] | 39365  | [907]           |
+-----+-----------------------+--------+-----------------+
| 68  | [142, 911, 79, 794]   | 3522   | [395]           |
+-----+-----------------------+--------+-----------------+
| 69  | [107, 1160, 61, 814]  | 764    | [1]             |
+-----+-----------------------+--------+-----------------+
| 70  | [264, 1895, 147, 746] | 649    | [140]           |
+-----+-----------------------+--------+-----------------+
| 71  | [106, 1482, 64, 832]  | 2593   | [344]           |
+-----+-----------------------+--------+-----------------+
| 72  | [185, 1784, 109, 868] | 18605  | [955]           |
+-----+-----------------------+--------+-----------------+
| 73  | [344, 933, 197, 556]  | 2621   | [27]            |
+-----+-----------------------+--------+-----------------+
| 74  | [347, 1376, 201, 958] | 6511   | [942]           |
+-----+-----------------------+--------+-----------------+
| 75  | [105, 495, 70, 699]   | 26131  | [708]           |
+-----+-----------------------+--------+-----------------+
| 76  | [177, 532, 109, 467]  | 24566  | [714]           |
+-----+-----------------------+--------+-----------------+
| 77  | [324, 314, 189, 693]  | 6753   | [936]           |
+-----+-----------------------+--------+-----------------+
| 78  | [295, 1323, 175, 840] | 801    | [546]           |
+-----+-----------------------+--------+-----------------+
| 79  | [58, 2272, 49, 615]   | 12552  | [417]           |
+-----+-----------------------+--------+-----------------+
| 80  | [98, 939, 70, 892]    | 4802   | [48]            |
+-----+-----------------------+--------+-----------------+
| 81  | [263, 2026, 160, 733] | 1004   | [13]            |
+-----+-----------------------+--------+-----------------+
| 82  | [211, 1967, 133, 538] | 4013   | [846]           |
+-----+-----------------------+--------+-----------------+
| 83  | [166, 1799, 109, 486] | 620    | [483]           |
+-----+-----------------------+--------+-----------------+
| 84  | [288, 1060, 175, 534] | 7161   | [136]           |
+-----+-----------------------+--------+-----------------+
| 85  | [339, 1618, 203, 632] | 30135  | [967]           |
+-----+-----------------------+--------+-----------------+
| 86  | [71, 625, 62, 975]    | 580    | [988]           |
+-----+-----------------------+--------+-----------------+
| 87  | [254, 384, 163, 915]  | 34612  | [730]           |
+-----+-----------------------+--------+-----------------+
| 88  | [56, 1791, 58, 917]   | 6096   | [396]           |
+-----+-----------------------+--------+-----------------+
| 89  | [17, 1677, 38, 815]   | 44569  | [176]           |
+-----+-----------------------+--------+-----------------+
| 90  | [237, 1153, 157, 603] | 2390   | [110]           |
+-----+-----------------------+--------+-----------------+
| 91  | [186, 1893, 132, 748] | 6488   | [570]           |
+-----+-----------------------+--------+-----------------+
| 92  | [263, 1804, 175, 703] | 7460   | [547]           |
+-----+-----------------------+--------+-----------------+
| 93  | [23, 2251, 47, 523]   | 220    | [103]           |
+-----+-----------------------+--------+-----------------+
| 94  | [271, 2468, 184, 463] | 15344  | [63]            |
+-----+-----------------------+--------+-----------------+
| 95  | [40, 912, 60, 605]    | 419    | [8]             |
+-----+-----------------------+--------+-----------------+
| 96  | [245, 994, 171, 837]  | 14347  | [982]           |
+-----+-----------------------+--------+-----------------+
| 97  | [101, 2481, 95, 701]  | 3851   | [859]           |
+-----+-----------------------+--------+-----------------+
| 98  | [126, 260, 108, 968]  | 1105   | [109]           |
+-----+-----------------------+--------+-----------------+
| 99  | [170, 1451, 133, 610] | 8403   | [300]           |
+-----+-----------------------+--------+-----------------+
| 100 | [346, 374, 227, 873]  | 17595  | [589]           |
+-----+-----------------------+--------+-----------------+
| 101 | [152, 245, 124, 917]  | 11217  | [755]           |
+-----+-----------------------+--------+-----------------+
| 102 | [69, 2111, 82, 603]   | 5540   | [618]           |
+-----+-----------------------+--------+-----------------+
| 103 | [317, 2261, 218, 606] | 38753  | [74]            |
+-----+-----------------------+--------+-----------------+
| 104 | [68, 1334, 85, 772]   | 1166   | [260]           |
+-----+-----------------------+--------+-----------------+
| 105 | [298, 2380, 212, 463] | 29376  | [710]           |
+-----+-----------------------+--------+-----------------+
| 106 | [199, 1420, 158, 717] | 686    | [960]           |
+-----+-----------------------+--------+-----------------+
| 107 | [301, 1162, 213, 932] | 4006   | [432]           |
+-----+-----------------------+--------+-----------------+
| 108 | [243, 2066, 184, 576] | 1663   | [564]           |
+-----+-----------------------+--------+-----------------+
| 109 | [143, 1403, 130, 976] | 6545   | [475]           |
+-----+-----------------------+--------+-----------------+
| 110 | [103, 1069, 110, 724] | 860    | [836]           |
+-----+-----------------------+--------+-----------------+
| 111 | [60, 1380, 89, 992]   | 10630  | [426]           |
+-----+-----------------------+--------+-----------------+
| 112 | [48, 299, 83, 923]    | 3147   | [391]           |
+-----+-----------------------+--------+-----------------+
| 113 | [163, 139, 146, 544]  | 4060   | [443]           |
+-----+-----------------------+--------+-----------------+
| 114 | [11, 2433, 67, 829]   | 14389  | [473]           |
+-----+-----------------------+--------+-----------------+
| 115 | [13, 1198, 70, 555]   | 17282  | [840]           |
+-----+-----------------------+--------+-----------------+
| 116 | [174, 2413, 160, 597] | 6659   | [407]           |
+-----+-----------------------+--------+-----------------+
| 117 | [272, 818, 212, 564]  | 1063   | [709]           |
+-----+-----------------------+--------+-----------------+
| 118 | [60, 1976, 100, 796]  | 41652  | [862]           |
+-----+-----------------------+--------+-----------------+
| 119 | [245, 851, 201, 795]  | 1288   | [450]           |
+-----+-----------------------+--------+-----------------+
| 120 | [235, 1532, 197, 485] | 3424   | [969]           |
+-----+-----------------------+--------+-----------------+
| 121 | [68, 401, 107, 914]   | 1800   | [690]           |
+-----+-----------------------+--------+-----------------+
| 122 | [227, 2390, 195, 491] | 58545  | [196]           |
+-----+-----------------------+--------+-----------------+
| 123 | [232, 2108, 198, 531] | 708    | [197]           |
+-----+-----------------------+--------+-----------------+
| 124 | [112, 432, 134, 854]  | 2525   | [919]           |
+-----+-----------------------+--------+-----------------+
| 125 | [236, 255, 203, 454]  | 8514   | [122]           |
+-----+-----------------------+--------+-----------------+
| 126 | [264, 2442, 220, 919] | 43894  | [874]           |
+-----+-----------------------+--------+-----------------+
| 127 | [40, 1303, 100, 954]  | 6159   | [446]           |
+-----+-----------------------+--------+-----------------+
| 128 | [234, 1921, 207, 703] | 2885   | [927]           |
+-----+-----------------------+--------+-----------------+
| 129 | [256, 344, 218, 446]  | 2316   | [823]           |
+-----+-----------------------+--------+-----------------+
| 130 | [302, 767, 244, 496]  | 10741  | [780]           |
+-----+-----------------------+--------+-----------------+
| 131 | [116, 509, 144, 685]  | 42034  | [896]           |
+-----+-----------------------+--------+-----------------+
| 132 | [297, 772, 243, 834]  | 10513  | [534]           |
+-----+-----------------------+--------+-----------------+
| 133 | [259, 98, 224, 887]   | 7422   | [867]           |
+-----+-----------------------+--------+-----------------+
| 134 | [153, 1022, 168, 945] | 9333   | [302]           |
+-----+-----------------------+--------+-----------------+
| 135 | [281, 455, 240, 464]  | 17352  | [256]           |
+-----+-----------------------+--------+-----------------+
| 136 | [74, 778, 129, 882]   | 3392   | [995]           |
+-----+-----------------------+--------+-----------------+
| 137 | [172, 1723, 186, 969] | 4062   | [301]           |
+-----+-----------------------+--------+-----------------+
| 138 | [255, 967, 231, 843]  | 7019   | [697]           |
+-----+-----------------------+--------+-----------------+
| 139 | [107, 1268, 152, 849] | 667    | [264]           |
+-----+-----------------------+--------+-----------------+
| 140 | [37, 579, 115, 946]   | 2508   | [255]           |
+-----+-----------------------+--------+-----------------+
| 141 | [15, 1152, 104, 704]  | 23397  | [712]           |
+-----+-----------------------+--------+-----------------+
| 142 | [210, 1287, 210, 867] | 4372   | [989]           |
+-----+-----------------------+--------+-----------------+
| 143 | [120, 77, 162, 452]   | 2351   | [741]           |
+-----+-----------------------+--------+-----------------+
| 144 | [17, 1140, 108, 642]  | 25736  | [658]           |
+-----+-----------------------+--------+-----------------+
| 145 | [258, 1488, 239, 522] | 195    | [5]             |
+-----+-----------------------+--------+-----------------+
| 146 | [152, 2322, 185, 732] | 33857  | [629]           |
+-----+-----------------------+--------+-----------------+
| 147 | [114, 1088, 164, 737] | 10160  | [349]           |
+-----+-----------------------+--------+-----------------+
| 148 | [176, 287, 197, 566]  | 41044  | [550]           |
+-----+-----------------------+--------+-----------------+
| 149 | [11, 983, 112, 627]   | 1940   | [660]           |
+-----+-----------------------+--------+-----------------+
| 150 | [262, 1194, 249, 950] | 641    | [740]           |
+-----+-----------------------+--------+-----------------+
| 151 | [86, 2348, 157, 671]  | 317    | [599]           |
+-----+-----------------------+--------+-----------------+
| 152 | [67, 1171, 146, 499]  | 11470  | [299]           |
+-----+-----------------------+--------+-----------------+
| 153 | [107, 1982, 170, 762] | 32631  | [479]           |
+-----+-----------------------+--------+-----------------+
| 154 | [165, 1853, 202, 912] | 23506  | [167]           |
+-----+-----------------------+--------+-----------------+
| 155 | [218, 2143, 235, 550] | -166   | [527]           |
+-----+-----------------------+--------+-----------------+
| 156 | [120, 1445, 185, 879] | 8618   | [502]           |
+-----+-----------------------+--------+-----------------+
| 157 | [218, 433, 237, 953]  | 43113  | [851]           |
+-----+-----------------------+--------+-----------------+
| 158 | [40, 312, 143, 532]   | 4972   | [367]           |
+-----+-----------------------+--------+-----------------+
| 159 | [75, 498, 168, 897]   | 547    | [282]           |
+-----+-----------------------+--------+-----------------+
| 160 | [181, 2285, 227, 722] | 1060   | [439]           |
+-----+-----------------------+--------+-----------------+
| 161 | [115, 21, 191, 594]   | 5099   | [272]           |
+-----+-----------------------+--------+-----------------+
| 162 | [57, 2326, 162, 591]  | 5576   | [400]           |
+-----+-----------------------+--------+-----------------+
| 163 | [175, 1656, 228, 466] | 4445   | [999]           |
+-----+-----------------------+--------+-----------------+
| 164 | [138, 436, 209, 658]  | 80374  | [275]           |
+-----+-----------------------+--------+-----------------+
| 165 | [75, 1035, 178, 711]  | 721    | [845]           |
+-----+-----------------------+--------+-----------------+
| 166 | [199, 714, 246, 472]  | 2649   | [163]           |
+-----+-----------------------+--------+-----------------+
| 167 | [192, 90, 242, 719]   | 12509  | [850]           |
+-----+-----------------------+--------+-----------------+
| 168 | [59, 211, 175, 971]   | 374    | [104]           |
+-----+-----------------------+--------+-----------------+
| 169 | [157, 1557, 233, 962] | 44     | [799]           |
+-----+-----------------------+--------+-----------------+
| 170 | [138, 1657, 225, 794] | 11452  | [911]           |
+-----+-----------------------+--------+-----------------+
| 171 | [121, 566, 216, 783]  | 48621  | [291]           |
+-----+-----------------------+--------+-----------------+
| 172 | [44, 932, 175, 519]   | 3767   | [735]           |
+-----+-----------------------+--------+-----------------+
| 173 | [165, 1411, 241, 778] | 7749   | [377]           |
+-----+-----------------------+--------+-----------------+
| 174 | [141, 2038, 230, 898] | 13952  | [58]            |
+-----+-----------------------+--------+-----------------+
| 175 | [20, 326, 164, 653]   | 7496   | [47]            |
+-----+-----------------------+--------+-----------------+
| 176 | [161, 1337, 241, 907] | 939    | [308]           |
+-----+-----------------------+--------+-----------------+
| 177 | [104, 1656, 212, 966] | 1195   | [240]           |
+-----+-----------------------+--------+-----------------+
| 178 | [161, 729, 243, 983]  | 12756  | [149]           |
+-----+-----------------------+--------+-----------------+
| 179 | [21, 1127, 168, 558]  | 36391  | [398]           |
+-----+-----------------------+--------+-----------------+
| 180 | [13, 1565, 165, 540]  | 6668   | [802]           |
+-----+-----------------------+--------+-----------------+
| 181 | [12, 100, 166, 917]   | 6657   | [23]            |
+-----+-----------------------+--------+-----------------+
| 182 | [125, 2234, 229, 978] | 787    | [909]           |
+-----+-----------------------+--------+-----------------+
| 183 | [85, 1127, 211, 774]  | 34981  | [17]            |
+-----+-----------------------+--------+-----------------+
| 184 | [78, 1791, 211, 893]  | 8533   | [24]            |
+-----+-----------------------+--------+-----------------+
| 185 | [19, 1440, 182, 551]  | 7952   | [278]           |
+-----+-----------------------+--------+-----------------+
| 186 | [10, 2083, 178, 747]  | 20156  | [16]            |
+-----+-----------------------+--------+-----------------+
| 187 | [42, 150, 198, 611]   | 2934   | [132]           |
+-----+-----------------------+--------+-----------------+
| 188 | [81, 1994, 224, 667]  | 45095  | [485]           |
+-----+-----------------------+--------+-----------------+
| 189 | [25, 687, 195, 620]   | 4337   | [838]           |
+-----+-----------------------+--------+-----------------+
| 190 | [50, 1566, 210, 852]  | 37900  | [179]           |
+-----+-----------------------+--------+-----------------+
| 191 | [56, 1214, 218, 692]  | 24387  | [402]           |
+-----+-----------------------+--------+-----------------+
| 192 | [46, 2190, 214, 728]  | 4390   | [134]           |
+-----+-----------------------+--------+-----------------+
| 193 | [61, 1190, 228, 821]  | 33768  | [788]           |
+-----+-----------------------+--------+-----------------+
| 194 | [27, 1808, 215, 854]  | 229    | [711]           |
+-----+-----------------------+--------+-----------------+
| 195 | [62, 77, 235, 807]    | 2199   | [470]           |
+-----+-----------------------+--------+-----------------+
| 196 | [75, 835, 245, 967]   | 1362   | [822]           |
+-----+-----------------------+--------+-----------------+
| 197 | [70, 330, 242, 883]   | 3923   | [128]           |
+-----+-----------------------+--------+-----------------+
| 198 | [65, 585, 243, 829]   | 36635  | [707]           |
+-----+-----------------------+--------+-----------------+
| 199 | [15, 1309, 217, 831]  | 37959  | [781]           |
+-----+-----------------------+--------+-----------------+

Total OF: 3076225
Runtime: 1
latencies: 0.0271711 - 93.9563%
filter  : 0.00139644 - 4.8288%
search  : 0.000295174 - 1.0207%
--------------Times execs----------------
    0: 0.0289189
 mean: 0.0289189
   sd: 0

First ignored:

 mean: 0
   sd: 0

----------------------
