Number of jobs: 700

+-----+-----------------------+---------+-----------------+
| Job | [Jr,Jb,Jl,Jo]         | OF      | Allocated nodes |
+-----+-----------------------+---------+-----------------+
| 0   | [348, 1250, 41, 564]  | 35143   | [174]           |
+-----+-----------------------+---------+-----------------+
| 1   | [348, 2018, 43, 665]  | 62807   | [69]            |
+-----+-----------------------+---------+-----------------+
| 2   | [344, 2310, 44, 977]  | 12317   | [277]           |
+-----+-----------------------+---------+-----------------+
| 3   | [350, 1967, 47, 509]  | 7584    | [156]           |
+-----+-----------------------+---------+-----------------+
| 4   | [334, 1360, 40, 538]  | 417     | [333]           |
+-----+-----------------------+---------+-----------------+
| 5   | [312, 1863, 31, 983]  | 27856   | [884]           |
+-----+-----------------------+---------+-----------------+
| 6   | [339, 2234, 46, 945]  | 92598   | [328]           |
+-----+-----------------------+---------+-----------------+
| 7   | [299, 1030, 31, 479]  | 1621    | [857]           |
+-----+-----------------------+---------+-----------------+
| 8   | [305, 1313, 36, 682]  | 4068    | [554]           |
+-----+-----------------------+---------+-----------------+
| 9   | [292, 1882, 30, 789]  | 28832   | [40]            |
+-----+-----------------------+---------+-----------------+
| 10  | [298, 214, 34, 704]   | 679596  | [353]           |
+-----+-----------------------+---------+-----------------+
| 11  | [327, 389, 50, 673]   | 45596   | [275]           |
+-----+-----------------------+---------+-----------------+
| 12  | [333, 265, 54, 539]   | 4878    | [513]           |
+-----+-----------------------+---------+-----------------+
| 13  | [343, 2012, 61, 732]  | 15845   | [190]           |
+-----+-----------------------+---------+-----------------+
| 14  | [303, 1449, 42, 624]  | 74544   | [939]           |
+-----+-----------------------+---------+-----------------+
| 15  | [283, 2011, 37, 740]  | 9085    | [303]           |
+-----+-----------------------+---------+-----------------+
| 16  | [293, 744, 42, 882]   | 16732   | [534]           |
+-----+-----------------------+---------+-----------------+
| 17  | [325, 440, 59, 964]   | 4267    | [241]           |
+-----+-----------------------+---------+-----------------+
| 18  | [271, 2265, 34, 459]  | 126     | [372]           |
+-----+-----------------------+---------+-----------------+
| 19  | [321, 2493, 62, 521]  | 4920    | [710]           |
+-----+-----------------------+---------+-----------------+
| 20  | [262, 2006, 30, 651]  | 432488  | [792]           |
+-----+-----------------------+---------+-----------------+
| 21  | [314, 1872, 58, 683]  | 46082   | [858]           |
+-----+-----------------------+---------+-----------------+
| 22  | [344, 1601, 74, 674]  | 2699    | [571]           |
+-----+-----------------------+---------+-----------------+
| 23  | [288, 1963, 46, 913]  | 376     | [479]           |
+-----+-----------------------+---------+-----------------+
| 24  | [297, 659, 51, 829]   | 78631   | [621]           |
+-----+-----------------------+---------+-----------------+
| 25  | [342, 2111, 78, 935]  | 1916    | [238]           |
+-----+-----------------------+---------+-----------------+
| 26  | [275, 1685, 42, 924]  | 9905    | [127]           |
+-----+-----------------------+---------+-----------------+
| 27  | [338, 1159, 76, 958]  | 6474    | [352]           |
+-----+-----------------------+---------+-----------------+
| 28  | [339, 1601, 77, 687]  | 20521   | [66]            |
+-----+-----------------------+---------+-----------------+
| 29  | [336, 1458, 76, 932]  | 8718    | [876]           |
+-----+-----------------------+---------+-----------------+
| 30  | [325, 1335, 71, 784]  | 4766    | [160]           |
+-----+-----------------------+---------+-----------------+
| 31  | [343, 1191, 81, 839]  | 5590    | [161]           |
+-----+-----------------------+---------+-----------------+
| 32  | [318, 1524, 70, 558]  | 2412    | [533]           |
+-----+-----------------------+---------+-----------------+
| 33  | [285, 1002, 54, 878]  | 6647    | [982]           |
+-----+-----------------------+---------+-----------------+
| 34  | [280, 1558, 52, 602]  | 92177   | [356]           |
+-----+-----------------------+---------+-----------------+
| 35  | [240, 2090, 31, 510]  | 629399  | [757]           |
+-----+-----------------------+---------+-----------------+
| 36  | [330, 90, 78, 893]    | 1543    | [867]           |
+-----+-----------------------+---------+-----------------+
| 37  | [279, 1165, 52, 814]  | 4615    | [397]           |
+-----+-----------------------+---------+-----------------+
| 38  | [292, 1563, 60, 798]  | -4      | [953]           |
+-----+-----------------------+---------+-----------------+
| 39  | [339, 2374, 88, 472]  | 7821    | [86]            |
+-----+-----------------------+---------+-----------------+
| 40  | [241, 1640, 35, 808]  | 59653   | [261]           |
+-----+-----------------------+---------+-----------------+
| 41  | [332, 1443, 84, 789]  | 14587   | [254]           |
+-----+-----------------------+---------+-----------------+
| 42  | [331, 2468, 86, 767]  | 7382    | [91]            |
+-----+-----------------------+---------+-----------------+
| 43  | [284, 79, 59, 447]    | 1577    | [531]           |
+-----+-----------------------+---------+-----------------+
| 44  | [302, 1150, 70, 789]  | 2353    | [883]           |
+-----+-----------------------+---------+-----------------+
| 45  | [245, 2300, 42, 648]  | 78526   | [63]            |
+-----+-----------------------+---------+-----------------+
| 46  | [273, 697, 57, 578]   | 16037   | [709]           |
+-----+-----------------------+---------+-----------------+
| 47  | [335, 1807, 92, 832]  | 279     | [547]           |
+-----+-----------------------+---------+-----------------+
| 48  | [235, 673, 38, 888]   | 5936    | [291]           |
+-----+-----------------------+---------+-----------------+
| 49  | [346, 2116, 99, 613]  | 4311    | [270]           |
+-----+-----------------------+---------+-----------------+
| 50  | [319, 1983, 85, 680]  | 8724    | [842]           |
+-----+-----------------------+---------+-----------------+
| 51  | [318, 2404, 85, 930]  | 263     | [682]           |
+-----+-----------------------+---------+-----------------+
| 52  | [260, 1723, 58, 668]  | 2534    | [627]           |
+-----+-----------------------+---------+-----------------+
| 53  | [227, 2087, 41, 835]  | 2191    | [197]           |
+-----+-----------------------+---------+-----------------+
| 54  | [331, 1489, 97, 577]  | 6838    | [84]            |
+-----+-----------------------+---------+-----------------+
| 55  | [275, 1364, 68, 763]  | 2365    | [692]           |
+-----+-----------------------+---------+-----------------+
| 56  | [211, 1747, 34, 576]  | 214358  | [410]           |
+-----+-----------------------+---------+-----------------+
| 57  | [272, 1626, 67, 809]  | 15521   | [723]           |
+-----+-----------------------+---------+-----------------+
| 58  | [261, 1531, 61, 769]  | 1747    | [969]           |
+-----+-----------------------+---------+-----------------+
| 59  | [324, 434, 97, 983]   | 10861   | [730]           |
+-----+-----------------------+---------+-----------------+
| 60  | [235, 810, 50, 748]   | 19741   | [382]           |
+-----+-----------------------+---------+-----------------+
| 61  | [307, 905, 89, 810]   | 4412    | [797]           |
+-----+-----------------------+---------+-----------------+
| 62  | [305, 2382, 90, 802]  | 879     | [339]           |
+-----+-----------------------+---------+-----------------+
| 63  | [339, 456, 107, 530]  | 7604    | [256]           |
+-----+-----------------------+---------+-----------------+
| 64  | [335, 1502, 106, 798] | 9006    | [906]           |
+-----+-----------------------+---------+-----------------+
| 65  | [327, 207, 102, 726]  | 1520    | [214]           |
+-----+-----------------------+---------+-----------------+
| 66  | [335, 791, 107, 517]  | 5449    | [780]           |
+-----+-----------------------+---------+-----------------+
| 67  | [269, 1150, 73, 564]  | 1946    | [213]           |
+-----+-----------------------+---------+-----------------+
| 68  | [321, 2197, 102, 970] | 1048    | [455]           |
+-----+-----------------------+---------+-----------------+
| 69  | [207, 1284, 40, 711]  | 59240   | [942]           |
+-----+-----------------------+---------+-----------------+
| 70  | [217, 540, 47, 630]   | 26996   | [203]           |
+-----+-----------------------+---------+-----------------+
| 71  | [292, 1101, 88, 549]  | 1417    | [653]           |
+-----+-----------------------+---------+-----------------+
| 72  | [347, 1162, 118, 638] | 877     | [432]           |
+-----+-----------------------+---------+-----------------+
| 73  | [303, 1563, 96, 681]  | 3151    | [472]           |
+-----+-----------------------+---------+-----------------+
| 74  | [242, 986, 63, 824]   | 6192    | [15]            |
+-----+-----------------------+---------+-----------------+
| 75  | [285, 199, 86, 655]   | 877     | [779]           |
+-----+-----------------------+---------+-----------------+
| 76  | [348, 921, 122, 898]  | 3366    | [27]            |
+-----+-----------------------+---------+-----------------+
| 77  | [266, 1656, 79, 464]  | 15849   | [835]           |
+-----+-----------------------+---------+-----------------+
| 78  | [282, 2143, 89, 627]  | 13325   | [825]           |
+-----+-----------------------+---------+-----------------+
| 79  | [213, 2146, 52, 606]  | 1367    | [460]           |
+-----+-----------------------+---------+-----------------+
| 80  | [235, 2328, 64, 489]  | 31145   | [191]           |
+-----+-----------------------+---------+-----------------+
| 81  | [241, 1744, 68, 632]  | 5605    | [369]           |
+-----+-----------------------+---------+-----------------+
| 82  | [198, 527, 44, 786]   | 19374   | [714]           |
+-----+-----------------------+---------+-----------------+
| 83  | [219, 1165, 56, 836]  | 5378    | [740]           |
+-----+-----------------------+---------+-----------------+
| 84  | [274, 2152, 88, 480]  | 13914   | [97]            |
+-----+-----------------------+---------+-----------------+
| 85  | [285, 1921, 94, 979]  | 356     | [949]           |
+-----+-----------------------+---------+-----------------+
| 86  | [200, 458, 47, 829]   | 480396  | [136]           |
+-----+-----------------------+---------+-----------------+
| 87  | [294, 611, 98, 474]   | 706     | [916]           |
+-----+-----------------------+---------+-----------------+
| 88  | [203, 2439, 51, 936]  | 3146    | [125]           |
+-----+-----------------------+---------+-----------------+
| 89  | [185, 1264, 41, 846]  | 47434   | [661]           |
+-----+-----------------------+---------+-----------------+
| 90  | [179, 1021, 38, 533]  | 3870    | [263]           |
+-----+-----------------------+---------+-----------------+
| 91  | [174, 313, 35, 896]   | 111902  | [572]           |
+-----+-----------------------+---------+-----------------+
| 92  | [261, 1542, 83, 635]  | 37509   | [553]           |
+-----+-----------------------+---------+-----------------+
| 93  | [213, 225, 58, 924]   | 29214   | [823]           |
+-----+-----------------------+---------+-----------------+
| 94  | [327, 1288, 121, 956] | 1036    | [812]           |
+-----+-----------------------+---------+-----------------+
| 95  | [240, 1621, 75, 879]  | 200     | [721]           |
+-----+-----------------------+---------+-----------------+
| 96  | [178, 475, 41, 617]   | 59339   | [544]           |
+-----+-----------------------+---------+-----------------+
| 97  | [204, 1898, 58, 501]  | 6869    | [140]           |
+-----+-----------------------+---------+-----------------+
| 98  | [169, 2464, 40, 788]  | 3410    | [973]           |
+-----+-----------------------+---------+-----------------+
| 99  | [252, 1324, 84, 523]  | 793     | [971]           |
+-----+-----------------------+---------+-----------------+
| 100 | [285, 1446, 102, 550] | 3912    | [348]           |
+-----+-----------------------+---------+-----------------+
| 101 | [229, 915, 72, 593]   | 5091    | [749]           |
+-----+-----------------------+---------+-----------------+
| 102 | [176, 2359, 46, 594]  | 29355   | [642]           |
+-----+-----------------------+---------+-----------------+
| 103 | [320, 827, 123, 788]  | 13169   | [519]           |
+-----+-----------------------+---------+-----------------+
| 104 | [213, 2136, 67, 642]  | 159     | [527]           |
+-----+-----------------------+---------+-----------------+
| 105 | [204, 1731, 63, 550]  | 1900    | [301]           |
+-----+-----------------------+---------+-----------------+
| 106 | [186, 1276, 53, 488]  | 15463   | [201]           |
+-----+-----------------------+---------+-----------------+
| 107 | [176, 973, 48, 788]   | 1240    | [702]           |
+-----+-----------------------+---------+-----------------+
| 108 | [213, 2227, 69, 593]  | 2452    | [946]           |
+-----+-----------------------+---------+-----------------+
| 109 | [280, 167, 104, 979]  | 6278    | [791]           |
+-----+-----------------------+---------+-----------------+
| 110 | [322, 482, 128, 448]  | 13113   | [851]           |
+-----+-----------------------+---------+-----------------+
| 111 | [143, 680, 32, 601]   | 143892  | [503]           |
+-----+-----------------------+---------+-----------------+
| 112 | [232, 534, 81, 698]   | 5596    | [258]           |
+-----+-----------------------+---------+-----------------+
| 113 | [186, 1358, 57, 615]  | 18836   | [424]           |
+-----+-----------------------+---------+-----------------+
| 114 | [281, 2070, 109, 621] | 6395    | [691]           |
+-----+-----------------------+---------+-----------------+
| 115 | [246, 1642, 90, 643]  | 49091   | [967]           |
+-----+-----------------------+---------+-----------------+
| 116 | [319, 1757, 130, 551] | 21408   | [764]           |
+-----+-----------------------+---------+-----------------+
| 117 | [334, 439, 137, 928]  | 14093   | [589]           |
+-----+-----------------------+---------+-----------------+
| 118 | [330, 126, 135, 633]  | 1438    | [731]           |
+-----+-----------------------+---------+-----------------+
| 119 | [153, 825, 41, 858]   | 4758    | [149]           |
+-----+-----------------------+---------+-----------------+
| 120 | [264, 2160, 102, 483] | 808     | [172]           |
+-----+-----------------------+---------+-----------------+
| 121 | [308, 63, 124, 611]   | 11277   | [137]           |
+-----+-----------------------+---------+-----------------+
| 122 | [215, 1220, 75, 966]  | 900     | [17]            |
+-----+-----------------------+---------+-----------------+
| 123 | [272, 1350, 106, 631] | 9348    | [336]           |
+-----+-----------------------+---------+-----------------+
| 124 | [239, 127, 88, 897]   | 2798    | [602]           |
+-----+-----------------------+---------+-----------------+
| 125 | [278, 1996, 111, 586] | 3121    | [131]           |
+-----+-----------------------+---------+-----------------+
| 126 | [276, 704, 109, 971]  | 6266    | [932]           |
+-----+-----------------------+---------+-----------------+
| 127 | [193, 266, 64, 597]   | 15831   | [122]           |
+-----+-----------------------+---------+-----------------+
| 128 | [270, 1996, 107, 519] | 47831   | [221]           |
+-----+-----------------------+---------+-----------------+
| 129 | [298, 54, 121, 880]   | 14971   | [657]           |
+-----+-----------------------+---------+-----------------+
| 130 | [346, 2337, 149, 630] | 14796   | [74]            |
+-----+-----------------------+---------+-----------------+
| 131 | [296, 1141, 123, 489] | 7729    | [520]           |
+-----+-----------------------+---------+-----------------+
| 132 | [229, 1160, 87, 905]  | 2507    | [110]           |
+-----+-----------------------+---------+-----------------+
| 133 | [308, 2179, 131, 821] | 7398    | [31]            |
+-----+-----------------------+---------+-----------------+
| 134 | [303, 1704, 128, 526] | 31804   | [167]           |
+-----+-----------------------+---------+-----------------+
| 135 | [202, 2084, 74, 648]  | 633     | [862]           |
+-----+-----------------------+---------+-----------------+
| 136 | [180, 1204, 62, 456]  | 17501   | [989]           |
+-----+-----------------------+---------+-----------------+
| 137 | [303, 1729, 129, 566] | 41662   | [829]           |
+-----+-----------------------+---------+-----------------+
| 138 | [326, 1173, 141, 912] | 18784   | [905]           |
+-----+-----------------------+---------+-----------------+
| 139 | [307, 853, 132, 854]  | 16818   | [697]           |
+-----+-----------------------+---------+-----------------+
| 140 | [245, 2445, 100, 489] | 39377   | [196]           |
+-----+-----------------------+---------+-----------------+
| 141 | [250, 160, 101, 646]  | 987     | [487]           |
+-----+-----------------------+---------+-----------------+
| 142 | [231, 1263, 93, 559]  | 13032   | [546]           |
+-----+-----------------------+---------+-----------------+
| 143 | [268, 574, 113, 776]  | 7193    | [582]           |
+-----+-----------------------+---------+-----------------+
| 144 | [244, 1625, 101, 552] | 68655   | [955]           |
+-----+-----------------------+---------+-----------------+
| 145 | [263, 1213, 113, 446] | 3361    | [526]           |
+-----+-----------------------+---------+-----------------+
| 146 | [309, 2299, 139, 872] | 310     | [577]           |
+-----+-----------------------+---------+-----------------+
| 147 | [247, 2351, 106, 703] | 73385   | [961]           |
+-----+-----------------------+---------+-----------------+
| 148 | [121, 2093, 38, 822]  | 47821   | [439]           |
+-----+-----------------------+---------+-----------------+
| 149 | [200, 2036, 81, 661]  | 3192    | [654]           |
+-----+-----------------------+---------+-----------------+
| 150 | [286, 309, 126, 862]  | 10458   | [936]           |
+-----+-----------------------+---------+-----------------+
| 151 | [268, 811, 117, 514]  | 4444    | [450]           |
+-----+-----------------------+---------+-----------------+
| 152 | [229, 674, 96, 627]   | 3455    | [864]           |
+-----+-----------------------+---------+-----------------+
| 153 | [214, 678, 88, 728]   | 4553    | [163]           |
+-----+-----------------------+---------+-----------------+
| 154 | [284, 2104, 127, 801] | 24450   | [198]           |
+-----+-----------------------+---------+-----------------+
| 155 | [195, 1792, 79, 510]  | 6951    | [102]           |
+-----+-----------------------+---------+-----------------+
| 156 | [193, 635, 77, 527]   | 11210   | [159]           |
+-----+-----------------------+---------+-----------------+
| 157 | [263, 415, 115, 705]  | 37753   | [491]           |
+-----+-----------------------+---------+-----------------+
| 158 | [183, 1797, 74, 567]  | 29630   | [570]           |
+-----+-----------------------+---------+-----------------+
| 159 | [271, 575, 121, 686]  | 15090   | [816]           |
+-----+-----------------------+---------+-----------------+
| 160 | [346, 1438, 163, 612] | 14335   | [879]           |
+-----+-----------------------+---------+-----------------+
| 161 | [232, 577, 101, 868]  | 35228   | [597]           |
+-----+-----------------------+---------+-----------------+
| 162 | [291, 868, 134, 684]  | 16991   | [358]           |
+-----+-----------------------+---------+-----------------+
| 163 | [324, 2299, 153, 524] | 20049   | [907]           |
+-----+-----------------------+---------+-----------------+
| 164 | [317, 828, 148, 829]  | 23550   | [34]            |
+-----+-----------------------+---------+-----------------+
| 165 | [191, 1685, 81, 829]  | 1237    | [999]           |
+-----+-----------------------+---------+-----------------+
| 166 | [335, 1279, 159, 909] | 31374   | [545]           |
+-----+-----------------------+---------+-----------------+
| 167 | [289, 1864, 135, 833] | 19791   | [325]           |
+-----+-----------------------+---------+-----------------+
| 168 | [332, 1075, 158, 625] | 1920    | [171]           |
+-----+-----------------------+---------+-----------------+
| 169 | [137, 2019, 54, 869]  | 121993  | [330]           |
+-----+-----------------------+---------+-----------------+
| 170 | [202, 1991, 90, 676]  | 9055    | [13]            |
+-----+-----------------------+---------+-----------------+
| 171 | [327, 307, 156, 902]  | 31273   | [371]           |
+-----+-----------------------+---------+-----------------+
| 172 | [298, 1016, 141, 483] | 8376    | [204]           |
+-----+-----------------------+---------+-----------------+
| 173 | [93, 2151, 32, 643]   | 100994  | [297]           |
+-----+-----------------------+---------+-----------------+
| 174 | [180, 401, 78, 571]   | 15998   | [863]           |
+-----+-----------------------+---------+-----------------+
| 175 | [180, 212, 78, 777]   | 34607   | [925]           |
+-----+-----------------------+---------+-----------------+
| 176 | [310, 935, 149, 765]  | 4479    | [215]           |
+-----+-----------------------+---------+-----------------+
| 177 | [202, 636, 91, 732]   | 39562   | [228]           |
+-----+-----------------------+---------+-----------------+
| 178 | [111, 2118, 44, 826]  | 308     | [683]           |
+-----+-----------------------+---------+-----------------+
| 179 | [209, 1051, 96, 897]  | 5667    | [7]             |
+-----+-----------------------+---------+-----------------+
| 180 | [210, 927, 97, 497]   | 2069    | [46]            |
+-----+-----------------------+---------+-----------------+
| 181 | [99, 1280, 38, 977]   | 7586    | [788]           |
+-----+-----------------------+---------+-----------------+
| 182 | [151, 1080, 66, 474]  | 3034    | [595]           |
+-----+-----------------------+---------+-----------------+
| 183 | [242, 237, 115, 660]  | 33579   | [912]           |
+-----+-----------------------+---------+-----------------+
| 184 | [188, 1483, 87, 645]  | 1783    | [817]           |
+-----+-----------------------+---------+-----------------+
| 185 | [309, 2086, 153, 708] | 25258   | [944]           |
+-----+-----------------------+---------+-----------------+
| 186 | [339, 1421, 169, 510] | 19757   | [326]           |
+-----+-----------------------+---------+-----------------+
| 187 | [332, 1992, 166, 705] | 32187   | [106]           |
+-----+-----------------------+---------+-----------------+
| 188 | [161, 2057, 74, 870]  | 8354    | [58]            |
+-----+-----------------------+---------+-----------------+
| 189 | [228, 721, 109, 670]  | 20419   | [223]           |
+-----+-----------------------+---------+-----------------+
| 190 | [171, 2067, 80, 561]  | 7584    | [564]           |
+-----+-----------------------+---------+-----------------+
| 191 | [158, 590, 73, 467]   | 4544    | [734]           |
+-----+-----------------------+---------+-----------------+
| 192 | [124, 2022, 56, 456]  | 333     | [600]           |
+-----+-----------------------+---------+-----------------+
| 193 | [305, 2406, 154, 965] | 39949   | [874]           |
+-----+-----------------------+---------+-----------------+
| 194 | [348, 2182, 177, 599] | 8143    | [416]           |
+-----+-----------------------+---------+-----------------+
| 195 | [306, 1685, 154, 893] | 43603   | [671]           |
+-----+-----------------------+---------+-----------------+
| 196 | [201, 1041, 97, 683]  | 7240    | [349]           |
+-----+-----------------------+---------+-----------------+
| 197 | [90, 450, 37, 833]    | 219110  | [782]           |
+-----+-----------------------+---------+-----------------+
| 198 | [124, 1916, 57, 482]  | 25389   | [846]           |
+-----+-----------------------+---------+-----------------+
| 199 | [138, 28, 63, 654]    | 2337    | [272]           |
+-----+-----------------------+---------+-----------------+
| 200 | [113, 564, 50, 986]   | 14520   | [708]           |
+-----+-----------------------+---------+-----------------+
| 201 | [205, 1435, 101, 573] | 1911    | [377]           |
+-----+-----------------------+---------+-----------------+
| 202 | [141, 1485, 68, 452]  | 127351  | [452]           |
+-----+-----------------------+---------+-----------------+
| 203 | [119, 787, 56, 545]   | 7912    | [0]             |
+-----+-----------------------+---------+-----------------+
| 204 | [116, 1505, 56, 575]  | 708     | [344]           |
+-----+-----------------------+---------+-----------------+
| 205 | [68, 1307, 30, 503]   | 71811   | [300]           |
+-----+-----------------------+---------+-----------------+
| 206 | [118, 701, 57, 858]   | 361     | [262]           |
+-----+-----------------------+---------+-----------------+
| 207 | [138, 927, 69, 591]   | 2059    | [395]           |
+-----+-----------------------+---------+-----------------+
| 208 | [265, 263, 137, 723]  | 87291   | [488]           |
+-----+-----------------------+---------+-----------------+
| 209 | [212, 1988, 110, 953] | 47533   | [878]           |
+-----+-----------------------+---------+-----------------+
| 210 | [135, 2261, 69, 499]  | 55000   | [859]           |
+-----+-----------------------+---------+-----------------+
| 211 | [122, 2043, 62, 679]  | 22288   | [485]           |
+-----+-----------------------+---------+-----------------+
| 212 | [327, 2245, 173, 846] | 41707   | [601]           |
+-----+-----------------------+---------+-----------------+
| 213 | [165, 1968, 87, 532]  | 84309   | [970]           |
+-----+-----------------------+---------+-----------------+
| 214 | [223, 1580, 118, 529] | 16410   | [911]           |
+-----+-----------------------+---------+-----------------+
| 215 | [131, 2121, 69, 732]  | 10605   | [543]           |
+-----+-----------------------+---------+-----------------+
| 216 | [216, 1517, 115, 798] | 90382   | [655]           |
+-----+-----------------------+---------+-----------------+
| 217 | [64, 96, 33, 708]     | 36574   | [756]           |
+-----+-----------------------+---------+-----------------+
| 218 | [233, 1090, 125, 449] | 1829    | [676]           |
+-----+-----------------------+---------+-----------------+
| 219 | [283, 2296, 153, 641] | 73757   | [320]           |
+-----+-----------------------+---------+-----------------+
| 220 | [57, 623, 30, 580]    | 1478    | [988]           |
+-----+-----------------------+---------+-----------------+
| 221 | [208, 2365, 113, 893] | 33490   | [561]           |
+-----+-----------------------+---------+-----------------+
| 222 | [208, 2268, 113, 745] | 115749  | [739]           |
+-----+-----------------------+---------+-----------------+
| 223 | [324, 2268, 176, 837] | 60531   | [933]           |
+-----+-----------------------+---------+-----------------+
| 224 | [188, 2485, 103, 853] | 32630   | [904]           |
+-----+-----------------------+---------+-----------------+
| 225 | [300, 765, 162, 481]  | 16546   | [294]           |
+-----+-----------------------+---------+-----------------+
| 226 | [123, 1030, 67, 883]  | 601     | [414]           |
+-----+-----------------------+---------+-----------------+
| 227 | [206, 1240, 112, 622] | 8223    | [781]           |
+-----+-----------------------+---------+-----------------+
| 228 | [269, 2283, 147, 602] | 86847   | [235]           |
+-----+-----------------------+---------+-----------------+
| 229 | [349, 1867, 191, 731] | 9325    | [984]           |
+-----+-----------------------+---------+-----------------+
| 230 | [181, 2247, 101, 527] | 174795  | [644]           |
+-----+-----------------------+---------+-----------------+
| 231 | [142, 911, 79, 794]   | 6685    | [48]            |
+-----+-----------------------+---------+-----------------+
| 232 | [326, 127, 178, 556]  | 11487   | [887]           |
+-----+-----------------------+---------+-----------------+
| 233 | [107, 1160, 61, 814]  | 764     | [1]             |
+-----+-----------------------+---------+-----------------+
| 234 | [133, 1071, 75, 777]  | 5763    | [302]           |
+-----+-----------------------+---------+-----------------+
| 235 | [51, 1039, 31, 467]   | 71408   | [389]           |
+-----+-----------------------+---------+-----------------+
| 236 | [264, 1895, 147, 746] | 4705    | [927]           |
+-----+-----------------------+---------+-----------------+
| 237 | [60, 2287, 38, 962]   | 39668   | [473]           |
+-----+-----------------------+---------+-----------------+
| 238 | [90, 1897, 54, 563]   | 213850  | [280]           |
+-----+-----------------------+---------+-----------------+
| 239 | [178, 743, 101, 471]  | 17903   | [639]           |
+-----+-----------------------+---------+-----------------+
| 240 | [50, 1609, 33, 661]   | 61106   | [483]           |
+-----+-----------------------+---------+-----------------+
| 241 | [58, 1789, 38, 771]   | 154685  | [16]            |
+-----+-----------------------+---------+-----------------+
| 242 | [99, 2498, 61, 580]   | 4154    | [629]           |
+-----+-----------------------+---------+-----------------+
| 243 | [255, 2450, 145, 491] | 47217   | [922]           |
+-----+-----------------------+---------+-----------------+
| 244 | [106, 1482, 64, 832]  | 3977    | [502]           |
+-----+-----------------------+---------+-----------------+
| 245 | [226, 95, 128, 544]   | 9384    | [850]           |
+-----+-----------------------+---------+-----------------+
| 246 | [298, 746, 168, 778]  | 23411   | [592]           |
+-----+-----------------------+---------+-----------------+
| 247 | [107, 299, 65, 543]   | 3110    | [251]           |
+-----+-----------------------+---------+-----------------+
| 248 | [321, 2090, 182, 457] | 34331   | [903]           |
+-----+-----------------------+---------+-----------------+
| 249 | [170, 15, 99, 809]    | 473     | [178]           |
+-----+-----------------------+---------+-----------------+
| 250 | [185, 1784, 109, 868] | 106060  | [607]           |
+-----+-----------------------+---------+-----------------+
| 251 | [295, 338, 167, 951]  | 62643   | [551]           |
+-----+-----------------------+---------+-----------------+
| 252 | [291, 1579, 166, 752] | 62431   | [327]           |
+-----+-----------------------+---------+-----------------+
| 253 | [339, 913, 192, 699]  | 11923   | [820]           |
+-----+-----------------------+---------+-----------------+
| 254 | [206, 1181, 121, 900] | 60867   | [960]           |
+-----+-----------------------+---------+-----------------+
| 255 | [54, 836, 39, 546]    | 195443  | [751]           |
+-----+-----------------------+---------+-----------------+
| 256 | [109, 1738, 70, 773]  | 983     | [269]           |
+-----+-----------------------+---------+-----------------+
| 257 | [200, 661, 119, 978]  | 56656   | [901]           |
+-----+-----------------------+---------+-----------------+
| 258 | [344, 933, 197, 556]  | 10431   | [833]           |
+-----+-----------------------+---------+-----------------+
| 259 | [115, 2400, 75, 672]  | 13103   | [407]           |
+-----+-----------------------+---------+-----------------+
| 260 | [332, 1283, 191, 490] | 33868   | [785]           |
+-----+-----------------------+---------+-----------------+
| 261 | [331, 322, 190, 804]  | 52620   | [88]            |
+-----+-----------------------+---------+-----------------+
| 262 | [108, 346, 71, 632]   | 1197    | [128]           |
+-----+-----------------------+---------+-----------------+
| 263 | [47, 1292, 39, 882]   | 254281  | [877]           |
+-----+-----------------------+---------+-----------------+
| 264 | [282, 1577, 166, 928] | 84563   | [538]           |
+-----+-----------------------+---------+-----------------+
| 265 | [124, 411, 80, 865]   | 3678    | [919]           |
+-----+-----------------------+---------+-----------------+
| 266 | [347, 1376, 201, 958] | 24764   | [457]           |
+-----+-----------------------+---------+-----------------+
| 267 | [105, 495, 70, 699]   | 48830   | [896]           |
+-----+-----------------------+---------+-----------------+
| 268 | [177, 532, 109, 467]  | 103898  | [329]           |
+-----+-----------------------+---------+-----------------+
| 269 | [157, 173, 98, 697]   | 2235    | [443]           |
+-----+-----------------------+---------+-----------------+
| 270 | [292, 212, 171, 879]  | 12719   | [70]            |
+-----+-----------------------+---------+-----------------+
| 271 | [220, 925, 133, 675]  | 42510   | [923]           |
+-----+-----------------------+---------+-----------------+
| 272 | [269, 131, 159, 687]  | 2792    | [541]           |
+-----+-----------------------+---------+-----------------+
| 273 | [231, 1827, 140, 882] | 75793   | [285]           |
+-----+-----------------------+---------+-----------------+
| 274 | [210, 2095, 129, 542] | 106809  | [952]           |
+-----+-----------------------+---------+-----------------+
| 275 | [324, 314, 189, 693]  | 70082   | [94]            |
+-----+-----------------------+---------+-----------------+
| 276 | [92, 2460, 66, 651]   | 14659   | [765]           |
+-----+-----------------------+---------+-----------------+
| 277 | [117, 1195, 79, 640]  | 2189    | [658]           |
+-----+-----------------------+---------+-----------------+
| 278 | [295, 1323, 175, 840] | 57174   | [10]            |
+-----+-----------------------+---------+-----------------+
| 279 | [260, 1842, 157, 780] | 73083   | [696]           |
+-----+-----------------------+---------+-----------------+
| 280 | [58, 2272, 49, 615]   | 12552   | [417]           |
+-----+-----------------------+---------+-----------------+
| 281 | [98, 939, 70, 892]    | 10031   | [625]           |
+-----+-----------------------+---------+-----------------+
| 282 | [49, 2287, 45, 544]   | 7473    | [599]           |
+-----+-----------------------+---------+-----------------+
| 283 | [263, 2026, 160, 733] | 69703   | [623]           |
+-----+-----------------------+---------+-----------------+
| 284 | [44, 1551, 42, 689]   | 404788  | [617]           |
+-----+-----------------------+---------+-----------------+
| 285 | [211, 1967, 133, 538] | 94314   | [246]           |
+-----+-----------------------+---------+-----------------+
| 286 | [166, 1799, 109, 486] | 154544  | [309]           |
+-----+-----------------------+---------+-----------------+
| 287 | [45, 315, 43, 718]    | 8522    | [47]            |
+-----+-----------------------+---------+-----------------+
| 288 | [206, 1449, 131, 616] | 6894    | [5]             |
+-----+-----------------------+---------+-----------------+
| 289 | [197, 1094, 126, 462] | 2946    | [398]           |
+-----+-----------------------+---------+-----------------+
| 290 | [288, 1060, 175, 534] | 20300   | [451]           |
+-----+-----------------------+---------+-----------------+
| 291 | [339, 1618, 203, 632] | 51037   | [656]           |
+-----+-----------------------+---------+-----------------+
| 292 | [31, 826, 37, 917]    | 180643  | [712]           |
+-----+-----------------------+---------+-----------------+
| 293 | [320, 2309, 194, 558] | 85020   | [590]           |
+-----+-----------------------+---------+-----------------+
| 294 | [124, 483, 87, 991]   | 2930    | [550]           |
+-----+-----------------------+---------+-----------------+
| 295 | [334, 243, 200, 990]  | 34485   | [701]           |
+-----+-----------------------+---------+-----------------+
| 296 | [303, 1403, 185, 839] | 49337   | [217]           |
+-----+-----------------------+---------+-----------------+
| 297 | [231, 2040, 147, 637] | 115732  | [148]           |
+-----+-----------------------+---------+-----------------+
| 298 | [72, 1813, 63, 616]   | 4150    | [176]           |
+-----+-----------------------+---------+-----------------+
| 299 | [69, 1013, 61, 628]   | 2641    | [937]           |
+-----+-----------------------+---------+-----------------+
| 300 | [301, 2089, 187, 617] | 72086   | [985]           |
+-----+-----------------------+---------+-----------------+
| 301 | [71, 625, 62, 975]    | 10646   | [838]           |
+-----+-----------------------+---------+-----------------+
| 302 | [171, 1810, 117, 651] | 153361  | [145]           |
+-----+-----------------------+---------+-----------------+
| 303 | [112, 2463, 86, 722]  | 21310   | [754]           |
+-----+-----------------------+---------+-----------------+
| 304 | [304, 1927, 190, 988] | 84873   | [19]            |
+-----+-----------------------+---------+-----------------+
| 305 | [76, 949, 67, 982]    | 772     | [735]           |
+-----+-----------------------+---------+-----------------+
| 306 | [28, 694, 41, 932]    | 284971  | [575]           |
+-----+-----------------------+---------+-----------------+
| 307 | [254, 384, 163, 915]  | 90939   | [304]           |
+-----+-----------------------+---------+-----------------+
| 308 | [298, 1802, 188, 824] | 86183   | [292]           |
+-----+-----------------------+---------+-----------------+
| 309 | [341, 287, 210, 944]  | 88406   | [83]            |
+-----+-----------------------+---------+-----------------+
| 310 | [46, 37, 51, 658]     | 5824    | [470]           |
+-----+-----------------------+---------+-----------------+
| 311 | [306, 1131, 192, 531] | 10787   | [727]           |
+-----+-----------------------+---------+-----------------+
| 312 | [56, 1791, 58, 917]   | 6096    | [396]           |
+-----+-----------------------+---------+-----------------+
| 313 | [18, 1130, 37, 637]   | 437921  | [341]           |
+-----+-----------------------+---------+-----------------+
| 314 | [173, 581, 120, 445]  | 121575  | [499]           |
+-----+-----------------------+---------+-----------------+
| 315 | [144, 906, 105, 887]  | 11145   | [411]           |
+-----+-----------------------+---------+-----------------+
| 316 | [345, 1500, 214, 617] | 55637   | [717]           |
+-----+-----------------------+---------+-----------------+
| 317 | [303, 2178, 192, 710] | 89746   | [64]            |
+-----+-----------------------+---------+-----------------+
| 318 | [17, 1677, 38, 815]   | 309809  | [249]           |
+-----+-----------------------+---------+-----------------+
| 319 | [80, 205, 71, 468]    | 3829    | [157]           |
+-----+-----------------------+---------+-----------------+
| 320 | [39, 71, 49, 935]     | 10079   | [741]           |
+-----+-----------------------+---------+-----------------+
| 321 | [240, 611, 158, 641]  | 95958   | [746]           |
+-----+-----------------------+---------+-----------------+
| 322 | [237, 1153, 157, 603] | 34536   | [793]           |
+-----+-----------------------+---------+-----------------+
| 323 | [165, 1709, 119, 903] | 7540    | [166]           |
+-----+-----------------------+---------+-----------------+
| 324 | [200, 539, 138, 626]  | 152972  | [135]           |
+-----+-----------------------+---------+-----------------+
| 325 | [285, 1990, 185, 714] | 95814   | [218]           |
+-----+-----------------------+---------+-----------------+
| 326 | [186, 1893, 132, 748] | 186266  | [401]           |
+-----+-----------------------+---------+-----------------+
| 327 | [29, 1073, 47, 892]   | 41      | [593]           |
+-----+-----------------------+---------+-----------------+
| 328 | [141, 2279, 109, 945] | 164904  | [537]           |
+-----+-----------------------+---------+-----------------+
| 329 | [44, 122, 55, 988]    | 1869    | [23]            |
+-----+-----------------------+---------+-----------------+
| 330 | [318, 552, 203, 699]  | 76787   | [146]           |
+-----+-----------------------+---------+-----------------+
| 331 | [263, 1804, 175, 703] | 149766  | [870]           |
+-----+-----------------------+---------+-----------------+
| 332 | [23, 2251, 47, 523]   | 220     | [103]           |
+-----+-----------------------+---------+-----------------+
| 333 | [67, 777, 70, 652]    | 230967  | [703]           |
+-----+-----------------------+---------+-----------------+
| 334 | [180, 944, 131, 800]  | 102117  | [704]           |
+-----+-----------------------+---------+-----------------+
| 335 | [117, 1804, 98, 928]  | 2927    | [24]            |
+-----+-----------------------+---------+-----------------+
| 336 | [111, 1717, 96, 917]  | 33403   | [814]           |
+-----+-----------------------+---------+-----------------+
| 337 | [222, 1396, 156, 679] | 124354  | [456]           |
+-----+-----------------------+---------+-----------------+
| 338 | [110, 2423, 97, 642]  | 907     | [438]           |
+-----+-----------------------+---------+-----------------+
| 339 | [202, 366, 145, 802]  | 181395  | [195]           |
+-----+-----------------------+---------+-----------------+
| 340 | [271, 2468, 184, 463] | 41445   | [818]           |
+-----+-----------------------+---------+-----------------+
| 341 | [103, 1592, 94, 530]  | 7680    | [240]           |
+-----+-----------------------+---------+-----------------+
| 342 | [40, 912, 60, 605]    | 419     | [8]             |
+-----+-----------------------+---------+-----------------+
| 343 | [171, 97, 130, 991]   | 12106   | [458]           |
+-----+-----------------------+---------+-----------------+
| 344 | [48, 2354, 66, 504]   | 3675    | [400]           |
+-----+-----------------------+---------+-----------------+
| 345 | [245, 994, 171, 837]  | 73684   | [230]           |
+-----+-----------------------+---------+-----------------+
| 346 | [101, 2481, 95, 701]  | 53442   | [12]            |
+-----+-----------------------+---------+-----------------+
| 347 | [300, 103, 201, 465]  | 28189   | [311]           |
+-----+-----------------------+---------+-----------------+
| 348 | [87, 741, 87, 665]    | 1368    | [707]           |
+-----+-----------------------+---------+-----------------+
| 349 | [38, 1156, 61, 446]   | 16870   | [840]           |
+-----+-----------------------+---------+-----------------+
| 350 | [70, 584, 78, 767]    | 58841   | [995]           |
+-----+-----------------------+---------+-----------------+
| 351 | [126, 260, 108, 968]  | 1105    | [109]           |
+-----+-----------------------+---------+-----------------+
| 352 | [170, 1451, 133, 610] | 11589   | [799]           |
+-----+-----------------------+---------+-----------------+
| 353 | [327, 724, 217, 973]  | 32966   | [770]           |
+-----+-----------------------+---------+-----------------+
| 354 | [47, 1537, 67, 889]   | 4047    | [802]           |
+-----+-----------------------+---------+-----------------+
| 355 | [346, 374, 227, 873]  | 91786   | [666]           |
+-----+-----------------------+---------+-----------------+
| 356 | [216, 1399, 158, 728] | 142051  | [748]           |
+-----+-----------------------+---------+-----------------+
| 357 | [93, 131, 91, 583]    | 34549   | [232]           |
+-----+-----------------------+---------+-----------------+
| 358 | [21, 1889, 54, 655]   | 90338   | [618]           |
+-----+-----------------------+---------+-----------------+
| 359 | [152, 245, 124, 917]  | 11217   | [755]           |
+-----+-----------------------+---------+-----------------+
| 360 | [72, 238, 81, 946]    | 1626    | [902]           |
+-----+-----------------------+---------+-----------------+
| 361 | [82, 569, 87, 911]    | 98467   | [888]           |
+-----+-----------------------+---------+-----------------+
| 362 | [245, 1760, 176, 639] | 165682  | [626]           |
+-----+-----------------------+---------+-----------------+
| 363 | [119, 2228, 109, 760] | 1481    | [909]           |
+-----+-----------------------+---------+-----------------+
| 364 | [69, 2111, 82, 603]   | 18194   | [134]           |
+-----+-----------------------+---------+-----------------+
| 365 | [218, 549, 161, 600]  | 165518  | [828]           |
+-----+-----------------------+---------+-----------------+
| 366 | [317, 2261, 218, 606] | 82073   | [759]           |
+-----+-----------------------+---------+-----------------+
| 367 | [78, 1772, 89, 587]   | 335688  | [964]           |
+-----+-----------------------+---------+-----------------+
| 368 | [128, 597, 115, 536]  | 212190  | [315]           |
+-----+-----------------------+---------+-----------------+
| 369 | [111, 2401, 108, 683] | 99057   | [861]           |
+-----+-----------------------+---------+-----------------+
| 370 | [340, 783, 230, 729]  | 34254   | [954]           |
+-----+-----------------------+---------+-----------------+
| 371 | [203, 1350, 157, 839] | 126620  | [632]           |
+-----+-----------------------+---------+-----------------+
| 372 | [295, 597, 206, 962]  | 103689  | [386]           |
+-----+-----------------------+---------+-----------------+
| 373 | [149, 1180, 128, 981] | 950     | [299]           |
+-----+-----------------------+---------+-----------------+
| 374 | [296, 740, 207, 814]  | 62233   | [839]           |
+-----+-----------------------+---------+-----------------+
| 375 | [68, 1334, 85, 772]   | 1166    | [260]           |
+-----+-----------------------+---------+-----------------+
| 376 | [287, 1421, 203, 925] | 109177  | [247]           |
+-----+-----------------------+---------+-----------------+
| 377 | [316, 2390, 220, 911] | 63689   | [563]           |
+-----+-----------------------+---------+-----------------+
| 378 | [322, 393, 222, 784]  | 119130  | [393]           |
+-----+-----------------------+---------+-----------------+
| 379 | [278, 992, 199, 481]  | 61048   | [767]           |
+-----+-----------------------+---------+-----------------+
| 380 | [335, 26, 229, 763]   | 10480   | [286]           |
+-----+-----------------------+---------+-----------------+
| 381 | [303, 44, 212, 866]   | 22481   | [3]             |
+-----+-----------------------+---------+-----------------+
| 382 | [250, 1452, 185, 594] | 145243  | [680]           |
+-----+-----------------------+---------+-----------------+
| 383 | [298, 2380, 212, 463] | 75209   | [129]           |
+-----+-----------------------+---------+-----------------+
| 384 | [199, 1420, 158, 717] | 200229  | [152]           |
+-----+-----------------------+---------+-----------------+
| 385 | [301, 1162, 213, 932] | 36174   | [293]           |
+-----+-----------------------+---------+-----------------+
| 386 | [134, 798, 123, 548]  | 135875  | [150]           |
+-----+-----------------------+---------+-----------------+
| 387 | [51, 1310, 79, 706]   | 4557    | [446]           |
+-----+-----------------------+---------+-----------------+
| 388 | [312, 524, 219, 760]  | 115237  | [33]            |
+-----+-----------------------+---------+-----------------+
| 389 | [93, 2090, 103, 676]  | 263414  | [591]           |
+-----+-----------------------+---------+-----------------+
| 390 | [243, 2066, 184, 576] | 149357  | [50]            |
+-----+-----------------------+---------+-----------------+
| 391 | [143, 1403, 130, 976] | 6545    | [475]           |
+-----+-----------------------+---------+-----------------+
| 392 | [220, 848, 171, 472]  | 136997  | [9]             |
+-----+-----------------------+---------+-----------------+
| 393 | [327, 2392, 230, 717] | 81424   | [465]           |
+-----+-----------------------+---------+-----------------+
| 394 | [197, 1116, 159, 668] | 89942   | [466]           |
+-----+-----------------------+---------+-----------------+
| 395 | [267, 828, 197, 758]  | 109739  | [849]           |
+-----+-----------------------+---------+-----------------+
| 396 | [135, 1874, 127, 691] | 272844  | [981]           |
+-----+-----------------------+---------+-----------------+
| 397 | [96, 948, 106, 964]   | 14332   | [679]           |
+-----+-----------------------+---------+-----------------+
| 398 | [103, 1069, 110, 724] | 860     | [836]           |
+-----+-----------------------+---------+-----------------+
| 399 | [102, 338, 110, 568]  | 2643    | [687]           |
+-----+-----------------------+---------+-----------------+
| 400 | [232, 2363, 182, 593] | 117238  | [760]           |
+-----+-----------------------+---------+-----------------+
| 401 | [106, 2103, 114, 701] | 311953  | [976]           |
+-----+-----------------------+---------+-----------------+
| 402 | [265, 2456, 200, 589] | 72313   | [670]           |
+-----+-----------------------+---------+-----------------+
| 403 | [60, 1380, 89, 992]   | 10630   | [426]           |
+-----+-----------------------+---------+-----------------+
| 404 | [283, 2263, 211, 680] | 119627  | [461]           |
+-----+-----------------------+---------+-----------------+
| 405 | [48, 299, 83, 923]    | 3147    | [391]           |
+-----+-----------------------+---------+-----------------+
| 406 | [48, 1382, 84, 476]   | 12664   | [278]           |
+-----+-----------------------+---------+-----------------+
| 407 | [306, 2150, 224, 619] | 127010  | [738]           |
+-----+-----------------------+---------+-----------------+
| 408 | [145, 1651, 137, 586] | 213813  | [55]            |
+-----+-----------------------+---------+-----------------+
| 409 | [303, 1370, 222, 846] | 103410  | [276]           |
+-----+-----------------------+---------+-----------------+
| 410 | [163, 139, 146, 544]  | 15132   | [594]           |
+-----+-----------------------+---------+-----------------+
| 411 | [247, 966, 192, 551]  | 84524   | [672]           |
+-----+-----------------------+---------+-----------------+
| 412 | [122, 2175, 126, 925] | 289786  | [188]           |
+-----+-----------------------+---------+-----------------+
| 413 | [329, 183, 236, 763]  | 16330   | [362]           |
+-----+-----------------------+---------+-----------------+
| 414 | [11, 2433, 67, 829]   | 84006   | [205]           |
+-----+-----------------------+---------+-----------------+
| 415 | [317, 1924, 233, 640] | 123135  | [941]           |
+-----+-----------------------+---------+-----------------+
| 416 | [345, 1799, 248, 837] | 116905  | [374]           |
+-----+-----------------------+---------+-----------------+
| 417 | [247, 1234, 195, 920] | 73667   | [222]           |
+-----+-----------------------+---------+-----------------+
| 418 | [243, 2032, 194, 873] | 157727  | [117]           |
+-----+-----------------------+---------+-----------------+
| 419 | [243, 499, 193, 994]  | 175534  | [477]           |
+-----+-----------------------+---------+-----------------+
| 420 | [13, 1198, 70, 555]   | 20873   | [264]           |
+-----+-----------------------+---------+-----------------+
| 421 | [307, 515, 229, 533]  | 128677  | [609]           |
+-----+-----------------------+---------+-----------------+
| 422 | [329, 1534, 242, 713] | 97811   | [267]           |
+-----+-----------------------+---------+-----------------+
| 423 | [135, 814, 137, 877]  | 197943  | [800]           |
+-----+-----------------------+---------+-----------------+
| 424 | [330, 588, 242, 657]  | 100017  | [514]           |
+-----+-----------------------+---------+-----------------+
| 425 | [31, 1431, 82, 973]   | 51534   | [226]           |
+-----+-----------------------+---------+-----------------+
| 426 | [174, 2413, 160, 597] | 114611  | [233]           |
+-----+-----------------------+---------+-----------------+
| 427 | [23, 298, 77, 648]    | 8248    | [367]           |
+-----+-----------------------+---------+-----------------+
| 428 | [272, 1340, 212, 989] | 135243  | [745]           |
+-----+-----------------------+---------+-----------------+
| 429 | [272, 818, 212, 564]  | 101583  | [928]           |
+-----+-----------------------+---------+-----------------+
| 430 | [51, 1687, 94, 840]   | 5638    | [651]           |
+-----+-----------------------+---------+-----------------+
| 431 | [316, 1693, 237, 765] | 96192   | [798]           |
+-----+-----------------------+---------+-----------------+
| 432 | [60, 1976, 100, 796]  | 336658  | [18]            |
+-----+-----------------------+---------+-----------------+
| 433 | [101, 368, 121, 569]  | 3310    | [690]           |
+-----+-----------------------+---------+-----------------+
| 434 | [120, 1178, 132, 620] | 28301   | [402]           |
+-----+-----------------------+---------+-----------------+
| 435 | [207, 1815, 180, 712] | 242022  | [587]           |
+-----+-----------------------+---------+-----------------+
| 436 | [245, 851, 201, 795]  | 128033  | [144]           |
+-----+-----------------------+---------+-----------------+
| 437 | [84, 1011, 115, 653]  | 135132  | [308]           |
+-----+-----------------------+---------+-----------------+
| 438 | [235, 1532, 197, 485] | 162812  | [826]           |
+-----+-----------------------+---------+-----------------+
| 439 | [68, 401, 107, 914]   | 3164    | [524]           |
+-----+-----------------------+---------+-----------------+
| 440 | [315, 2012, 242, 805] | 121533  | [580]           |
+-----+-----------------------+---------+-----------------+
| 441 | [227, 2390, 195, 491] | 122757  | [36]            |
+-----+-----------------------+---------+-----------------+
| 442 | [140, 853, 147, 585]  | 202303  | [67]            |
+-----+-----------------------+---------+-----------------+
| 443 | [220, 476, 190, 998]  | 209105  | [288]           |
+-----+-----------------------+---------+-----------------+
| 444 | [232, 2108, 198, 531] | 192660  | [116]           |
+-----+-----------------------+---------+-----------------+
| 445 | [13, 412, 79, 739]    | 1558    | [853]           |
+-----+-----------------------+---------+-----------------+
| 446 | [165, 1763, 162, 474] | 364122  | [530]           |
+-----+-----------------------+---------+-----------------+
| 447 | [135, 543, 145, 975]  | 280733  | [868]           |
+-----+-----------------------+---------+-----------------+
| 448 | [88, 812, 120, 655]   | 13995   | [322]           |
+-----+-----------------------+---------+-----------------+
| 449 | [228, 1244, 196, 573] | 110948  | [886]           |
+-----+-----------------------+---------+-----------------+
| 450 | [51, 276, 100, 858]   | 19889   | [880]           |
+-----+-----------------------+---------+-----------------+
| 451 | [289, 683, 229, 805]  | 141445  | [324]           |
+-----+-----------------------+---------+-----------------+
| 452 | [112, 432, 134, 854]  | 307504  | [138]           |
+-----+-----------------------+---------+-----------------+
| 453 | [217, 935, 191, 800]  | 126481  | [990]           |
+-----+-----------------------+---------+-----------------+
| 454 | [46, 1593, 100, 462]  | 28198   | [179]           |
+-----+-----------------------+---------+-----------------+
| 455 | [236, 255, 203, 454]  | 118679  | [996]           |
+-----+-----------------------+---------+-----------------+
| 456 | [264, 2442, 220, 919] | 90606   | [316]           |
+-----+-----------------------+---------+-----------------+
| 457 | [210, 1316, 190, 726] | 233161  | [921]           |
+-----+-----------------------+---------+-----------------+
| 458 | [313, 369, 245, 838]  | 141864  | [509]           |
+-----+-----------------------+---------+-----------------+
| 459 | [162, 1122, 165, 823] | 145745  | [733]           |
+-----+-----------------------+---------+-----------------+
| 460 | [40, 1303, 100, 954]  | 209727  | [622]           |
+-----+-----------------------+---------+-----------------+
| 461 | [201, 424, 186, 717]  | 240153  | [121]           |
+-----+-----------------------+---------+-----------------+
| 462 | [166, 563, 168, 444]  | 268250  | [193]           |
+-----+-----------------------+---------+-----------------+
| 463 | [234, 1921, 207, 703] | 222575  | [93]            |
+-----+-----------------------+---------+-----------------+
| 464 | [256, 344, 218, 446]  | 293786  | [229]           |
+-----+-----------------------+---------+-----------------+
| 465 | [302, 767, 244, 496]  | 127847  | [758]           |
+-----+-----------------------+---------+-----------------+
| 466 | [147, 2358, 162, 503] | 168667  | [915]           |
+-----+-----------------------+---------+-----------------+
| 467 | [116, 509, 144, 685]  | 363187  | [373]           |
+-----+-----------------------+---------+-----------------+
| 468 | [304, 202, 245, 716]  | 66780   | [43]            |
+-----+-----------------------+---------+-----------------+
| 469 | [71, 1502, 121, 627]  | 357850  | [54]            |
+-----+-----------------------+---------+-----------------+
| 470 | [77, 1763, 125, 570]  | 573243  | [408]           |
+-----+-----------------------+---------+-----------------+
| 471 | [220, 429, 201, 855]  | 302696  | [725]           |
+-----+-----------------------+---------+-----------------+
| 472 | [297, 772, 243, 834]  | 149287  | [619]           |
+-----+-----------------------+---------+-----------------+
| 473 | [102, 127, 138, 512]  | 139951  | [722]           |
+-----+-----------------------+---------+-----------------+
| 474 | [165, 183, 172, 645]  | 136782  | [199]           |
+-----+-----------------------+---------+-----------------+
| 475 | [152, 2491, 167, 565] | 100756  | [78]            |
+-----+-----------------------+---------+-----------------+
| 476 | [256, 884, 222, 558]  | 137962  | [596]           |
+-----+-----------------------+---------+-----------------+
| 477 | [176, 111, 179, 680]  | 195541  | [492]           |
+-----+-----------------------+---------+-----------------+
| 478 | [128, 1073, 154, 946] | 185220  | [882]           |
+-----+-----------------------+---------+-----------------+
| 479 | [259, 98, 224, 887]   | 48224   | [118]           |
+-----+-----------------------+---------+-----------------+
| 480 | [153, 1022, 168, 945] | 190156  | [155]           |
+-----+-----------------------+---------+-----------------+
| 481 | [82, 2239, 132, 503]  | 139161  | [89]            |
+-----+-----------------------+---------+-----------------+
| 482 | [128, 2452, 157, 463] | 114184  | [631]           |
+-----+-----------------------+---------+-----------------+
| 483 | [142, 335, 163, 965]  | 250900  | [695]           |
+-----+-----------------------+---------+-----------------+
| 484 | [49, 2166, 115, 618]  | 206382  | [73]            |
+-----+-----------------------+---------+-----------------+
| 485 | [62, 1513, 122, 769]  | 139077  | [645]           |
+-----+-----------------------+---------+-----------------+
| 486 | [281, 1482, 240, 761] | 198285  | [510]           |
+-----+-----------------------+---------+-----------------+
| 487 | [281, 455, 240, 464]  | 364888  | [363]           |
+-----+-----------------------+---------+-----------------+
| 488 | [74, 778, 129, 882]   | 9171    | [822]           |
+-----+-----------------------+---------+-----------------+
| 489 | [21, 64, 101, 998]    | 18691   | [132]           |
+-----+-----------------------+---------+-----------------+
| 490 | [275, 1510, 239, 668] | 197481  | [253]           |
+-----+-----------------------+---------+-----------------+
| 491 | [210, 53, 203, 831]   | 2527    | [506]           |
+-----+-----------------------+---------+-----------------+
| 492 | [56, 909, 121, 716]   | 7887    | [185]           |
+-----+-----------------------+---------+-----------------+
| 493 | [36, 531, 110, 947]   | 2647    | [284]           |
+-----+-----------------------+---------+-----------------+
| 494 | [27, 191, 105, 709]   | 524     | [431]           |
+-----+-----------------------+---------+-----------------+
| 495 | [143, 576, 168, 918]  | 403710  | [183]           |
+-----+-----------------------+---------+-----------------+
| 496 | [141, 1829, 168, 707] | 455287  | [743]           |
+-----+-----------------------+---------+-----------------+
| 497 | [55, 597, 121, 545]   | 591     | [255]           |
+-----+-----------------------+---------+-----------------+
| 498 | [62, 2320, 127, 445]  | 220312  | [605]           |
+-----+-----------------------+---------+-----------------+
| 499 | [62, 881, 126, 756]   | 33481   | [845]           |
+-----+-----------------------+---------+-----------------+
| 500 | [172, 1723, 186, 969] | 525272  | [844]           |
+-----+-----------------------+---------+-----------------+
| 501 | [107, 852, 151, 915]  | 328434  | [777]           |
+-----+-----------------------+---------+-----------------+
| 502 | [282, 373, 245, 714]  | 521790  | [705]           |
+-----+-----------------------+---------+-----------------+
| 503 | [255, 967, 231, 843]  | 152141  | [726]           |
+-----+-----------------------+---------+-----------------+
| 504 | [107, 1268, 152, 849] | 320624  | [646]           |
+-----+-----------------------+---------+-----------------+
| 505 | [258, 1827, 234, 770] | 435569  | [364]           |
+-----+-----------------------+---------+-----------------+
| 506 | [17, 903, 104, 467]   | 13650   | [660]           |
+-----+-----------------------+---------+-----------------+
| 507 | [127, 1534, 164, 746] | 989888  | [966]           |
+-----+-----------------------+---------+-----------------+
| 508 | [37, 579, 115, 946]   | 4762    | [482]           |
+-----+-----------------------+---------+-----------------+
| 509 | [10, 1072, 101, 602]  | 5781    | [834]           |
+-----+-----------------------+---------+-----------------+
| 510 | [45, 2362, 121, 822]  | 100475  | [784]           |
+-----+-----------------------+---------+-----------------+
| 511 | [160, 1280, 182, 457] | 1478554 | [108]           |
+-----+-----------------------+---------+-----------------+
| 512 | [15, 1152, 104, 704]  | 255198  | [686]           |
+-----+-----------------------+---------+-----------------+
| 513 | [179, 1123, 193, 634] | 182997  | [640]           |
+-----+-----------------------+---------+-----------------+
| 514 | [210, 1287, 210, 867] | 1487478 | [115]           |
+-----+-----------------------+---------+-----------------+
| 515 | [58, 1546, 129, 862]  | 1156234 | [59]            |
+-----+-----------------------+---------+-----------------+
| 516 | [120, 77, 162, 452]   | 107573  | [124]           |
+-----+-----------------------+---------+-----------------+
| 517 | [262, 142, 239, 942]  | 129092  | [913]           |
+-----+-----------------------+---------+-----------------+
| 518 | [17, 1140, 108, 642]  | 286218  | [434]           |
+-----+-----------------------+---------+-----------------+
| 519 | [258, 1488, 239, 522] | 1140925 | [332]           |
+-----+-----------------------+---------+-----------------+
| 520 | [48, 411, 126, 747]   | 11271   | [219]           |
+-----+-----------------------+---------+-----------------+
| 521 | [233, 2258, 228, 461] | 206728  | [934]           |
+-----+-----------------------+---------+-----------------+
| 522 | [119, 1180, 166, 908] | 266418  | [312]           |
+-----+-----------------------+---------+-----------------+
| 523 | [233, 1858, 228, 725] | 610716  | [556]           |
+-----+-----------------------+---------+-----------------+
| 524 | [152, 2322, 185, 732] | 219455  | [664]           |
+-----+-----------------------+---------+-----------------+
| 525 | [157, 10, 186, 897]   | 16186   | [603]           |
+-----+-----------------------+---------+-----------------+
| 526 | [175, 218, 196, 645]  | 199062  | [890]           |
+-----+-----------------------+---------+-----------------+
| 527 | [114, 1088, 164, 737] | 255211  | [926]           |
+-----+-----------------------+---------+-----------------+
| 528 | [96, 641, 154, 488]   | 474766  | [75]            |
+-----+-----------------------+---------+-----------------+
| 529 | [176, 287, 197, 566]  | 902501  | [979]           |
+-----+-----------------------+---------+-----------------+
| 530 | [21, 751, 115, 877]   | 548294  | [511]           |
+-----+-----------------------+---------+-----------------+
| 531 | [93, 1077, 155, 701]  | 331394  | [296]           |
+-----+-----------------------+---------+-----------------+
| 532 | [142, 1646, 182, 858] | 1047120 | [865]           |
+-----+-----------------------+---------+-----------------+
| 533 | [147, 673, 184, 462]  | 3877606 | [412]           |
+-----+-----------------------+---------+-----------------+
| 534 | [178, 1913, 202, 563] | 631715  | [248]           |
+-----+-----------------------+---------+-----------------+
| 535 | [186, 368, 205, 777]  | 5216407 | [579]           |
+-----+-----------------------+---------+-----------------+
| 536 | [262, 2497, 248, 788] | 81686   | [130]           |
+-----+-----------------------+---------+-----------------+
| 537 | [11, 983, 112, 627]   | 712764  | [711]           |
+-----+-----------------------+---------+-----------------+
| 538 | [192, 1364, 210, 958] | 1761599 | [441]           |
+-----+-----------------------+---------+-----------------+
| 539 | [20, 17, 117, 795]    | 48199   | [104]           |
+-----+-----------------------+---------+-----------------+
| 540 | [111, 1117, 167, 731] | 2571181 | [668]           |
+-----+-----------------------+---------+-----------------+
| 541 | [224, 1850, 229, 522] | 789021  | [678]           |
+-----+-----------------------+---------+-----------------+
| 542 | [262, 1194, 249, 950] | 2241038 | [268]           |
+-----+-----------------------+---------+-----------------+
| 543 | [112, 831, 168, 693]  | 3698113 | [6]             |
+-----+-----------------------+---------+-----------------+
| 544 | [45, 2077, 133, 630]  | 633417  | [107]           |
+-----+-----------------------+---------+-----------------+
| 545 | [18, 2497, 119, 821]  | 55855   | [38]            |
+-----+-----------------------+---------+-----------------+
| 546 | [237, 2286, 238, 453] | 277987  | [39]            |
+-----+-----------------------+---------+-----------------+
| 547 | [86, 2348, 157, 671]  | 290657  | [848]           |
+-----+-----------------------+---------+-----------------+
| 548 | [67, 1171, 146, 499]  | 2634366 | [464]           |
+-----+-----------------------+---------+-----------------+
| 549 | [108, 2259, 169, 713] | 391450  | [993]           |
+-----+-----------------------+---------+-----------------+
| 550 | [107, 1329, 168, 686] | 2177347 | [469]           |
+-----+-----------------------+---------+-----------------+
| 551 | [119, 1227, 175, 913] | 2464108 | [142]           |
+-----+-----------------------+---------+-----------------+
| 552 | [148, 342, 190, 709]  | 5898519 | [935]           |
+-----+-----------------------+---------+-----------------+
| 553 | [110, 1923, 171, 585] | 868856  | [641]           |
+-----+-----------------------+---------+-----------------+
| 554 | [107, 1982, 170, 762] | 796963  | [90]            |
+-----+-----------------------+---------+-----------------+
| 555 | [165, 1853, 202, 912] | 977670  | [495]           |
+-----+-----------------------+---------+-----------------+
| 556 | [59, 179, 144, 973]   | 118165  | [282]           |
+-----+-----------------------+---------+-----------------+
| 557 | [116, 1085, 176, 493] | 3068458 | [32]            |
+-----+-----------------------+---------+-----------------+
| 558 | [111, 2463, 175, 809] | 183646  | [61]            |
+-----+-----------------------+---------+-----------------+
| 559 | [163, 2324, 203, 646] | 322048  | [244]           |
+-----+-----------------------+---------+-----------------+
| 560 | [25, 1332, 128, 728]  | 403156  | [366]           |
+-----+-----------------------+---------+-----------------+
| 561 | [211, 1898, 229, 504] | 906027  | [11]            |
+-----+-----------------------+---------+-----------------+
| 562 | [214, 1581, 231, 672] | 1576788 | [650]           |
+-----+-----------------------+---------+-----------------+
| 563 | [100, 1835, 170, 859] | 1123930 | [317]           |
+-----+-----------------------+---------+-----------------+
| 564 | [141, 1489, 192, 850] | 1891445 | [837]           |
+-----+-----------------------+---------+-----------------+
| 565 | [71, 731, 154, 466]   | 4556078 | [141]           |
+-----+-----------------------+---------+-----------------+
| 566 | [218, 2143, 235, 550] | 535646  | [231]           |
+-----+-----------------------+---------+-----------------+
| 567 | [221, 2336, 237, 501] | 305562  | [634]           |
+-----+-----------------------+---------+-----------------+
| 568 | [182, 1178, 217, 927] | 2831452 | [688]           |
+-----+-----------------------+---------+-----------------+
| 569 | [153, 397, 201, 915]  | 6247579 | [423]           |
+-----+-----------------------+---------+-----------------+
| 570 | [138, 1650, 194, 981] | 1584927 | [968]           |
+-----+-----------------------+---------+-----------------+
| 571 | [120, 1445, 185, 879] | 2147220 | [565]           |
+-----+-----------------------+---------+-----------------+
| 572 | [218, 433, 237, 953]  | 6052922 | [742]           |
+-----+-----------------------+---------+-----------------+
| 573 | [140, 1272, 196, 729] | 2776447 | [950]           |
+-----+-----------------------+---------+-----------------+
| 574 | [185, 1855, 221, 523] | 1192304 | [983]           |
+-----+-----------------------+---------+-----------------+
| 575 | [16, 2353, 131, 486]  | 224     | [775]           |
+-----+-----------------------+---------+-----------------+
| 576 | [40, 312, 143, 532]   | 112865  | [388]           |
+-----+-----------------------+---------+-----------------+
| 577 | [29, 385, 139, 824]   | 82711   | [158]           |
+-----+-----------------------+---------+-----------------+
| 578 | [89, 851, 172, 981]   | 4293366 | [501]           |
+-----+-----------------------+---------+-----------------+
| 579 | [61, 2107, 158, 709]  | 672716  | [486]           |
+-----+-----------------------+---------+-----------------+
| 580 | [183, 941, 225, 542]  | 4053699 | [518]           |
+-----+-----------------------+---------+-----------------+
| 581 | [97, 649, 179, 672]   | 5290404 | [562]           |
+-----+-----------------------+---------+-----------------+
| 582 | [174, 2331, 222, 919] | 418320  | [790]           |
+-----+-----------------------+---------+-----------------+
| 583 | [75, 498, 168, 897]   | 6051759 | [769]           |
+-----+-----------------------+---------+-----------------+
| 584 | [181, 2285, 227, 722] | 522999  | [576]           |
+-----+-----------------------+---------+-----------------+
| 585 | [146, 1211, 208, 572] | 3083864 | [164]           |
+-----+-----------------------+---------+-----------------+
| 586 | [115, 21, 191, 594]   | 42723   | [737]           |
+-----+-----------------------+---------+-----------------+
| 587 | [57, 2326, 162, 591]  | 388123  | [795]           |
+-----+-----------------------+---------+-----------------+
| 588 | [159, 841, 216, 794]  | 4530684 | [126]           |
+-----+-----------------------+---------+-----------------+
| 589 | [206, 200, 241, 563]  | 178486  | [250]           |
+-----+-----------------------+---------+-----------------+
| 590 | [93, 2133, 182, 475]  | 692518  | [992]           |
+-----+-----------------------+---------+-----------------+
| 591 | [21, 2412, 145, 797]  | 186587  | [638]           |
+-----+-----------------------+---------+-----------------+
| 592 | [154, 1066, 216, 994] | 3748339 | [409]           |
+-----+-----------------------+---------+-----------------+
| 593 | [160, 1955, 220, 670] | 1133899 | [794]           |
+-----+-----------------------+---------+-----------------+
| 594 | [186, 687, 233, 685]  | 5299308 | [685]           |
+-----+-----------------------+---------+-----------------+
| 595 | [175, 1656, 228, 466] | 1833104 | [508]           |
+-----+-----------------------+---------+-----------------+
| 596 | [24, 212, 146, 799]   | 7236536 | [181]           |
+-----+-----------------------+---------+-----------------+
| 597 | [49, 1746, 161, 460]  | 1389949 | [318]           |
+-----+-----------------------+---------+-----------------+
| 598 | [138, 436, 209, 658]  | 6582516 | [360]           |
+-----+-----------------------+---------+-----------------+
| 599 | [47, 783, 161, 983]   | 4828460 | [298]           |
+-----+-----------------------+---------+-----------------+
| 600 | [75, 1035, 178, 711]  | 3997651 | [776]           |
+-----+-----------------------+---------+-----------------+
| 601 | [199, 714, 246, 472]  | 5322518 | [930]           |
+-----+-----------------------+---------+-----------------+
| 602 | [192, 90, 242, 719]   | 104333  | [480]           |
+-----+-----------------------+---------+-----------------+
| 603 | [147, 1506, 219, 651] | 2362242 | [978]           |
+-----+-----------------------+---------+-----------------+
| 604 | [60, 84, 172, 943]    | 228517  | [265]           |
+-----+-----------------------+---------+-----------------+
| 605 | [182, 1327, 239, 641] | 3017629 | [147]           |
+-----+-----------------------+---------+-----------------+
| 606 | [92, 577, 190, 946]   | 6068345 | [428]           |
+-----+-----------------------+---------+-----------------+
| 607 | [132, 2410, 214, 855] | 438339  | [805]           |
+-----+-----------------------+---------+-----------------+
| 608 | [101, 1739, 197, 457] | 1819736 | [427]           |
+-----+-----------------------+---------+-----------------+
| 609 | [28, 2345, 159, 724]  | 375761  | [96]            |
+-----+-----------------------+---------+-----------------+
| 610 | [166, 1419, 233, 982] | 2738886 | [340]           |
+-----+-----------------------+---------+-----------------+
| 611 | [105, 706, 200, 814]  | 5621681 | [468]           |
+-----+-----------------------+---------+-----------------+
| 612 | [16, 1595, 153, 679]  | 541638  | [350]           |
+-----+-----------------------+---------+-----------------+
| 613 | [59, 211, 175, 971]   | 7689576 | [335]           |
+-----+-----------------------+---------+-----------------+
| 614 | [102, 1099, 199, 469] | 3956831 | [991]           |
+-----+-----------------------+---------+-----------------+
| 615 | [98, 740, 198, 530]   | 5489678 | [220]           |
+-----+-----------------------+---------+-----------------+
| 616 | [152, 872, 228, 959]  | 4958118 | [568]           |
+-----+-----------------------+---------+-----------------+
| 617 | [114, 2282, 209, 495] | 708186  | [566]           |
+-----+-----------------------+---------+-----------------+
| 618 | [16, 2269, 157, 876]  | 603459  | [392]           |
+-----+-----------------------+---------+-----------------+
| 619 | [157, 1557, 233, 962] | 2448193 | [186]           |
+-----+-----------------------+---------+-----------------+
| 620 | [138, 1657, 225, 794] | 2166179 | [435]           |
+-----+-----------------------+---------+-----------------+
| 621 | [78, 1946, 194, 627]  | 1331581 | [665]           |
+-----+-----------------------+---------+-----------------+
| 622 | [121, 566, 216, 783]  | 6518155 | [77]            |
+-----+-----------------------+---------+-----------------+
| 623 | [44, 932, 175, 519]   | 4490929 | [68]            |
+-----+-----------------------+---------+-----------------+
| 624 | [165, 1411, 241, 778] | 2956362 | [809]           |
+-----+-----------------------+---------+-----------------+
| 625 | [82, 779, 196, 548]   | 5551325 | [894]           |
+-----+-----------------------+---------+-----------------+
| 626 | [141, 2038, 230, 898] | 1255501 | [841]           |
+-----+-----------------------+---------+-----------------+
| 627 | [20, 326, 164, 653]   | 7839959 | [133]           |
+-----+-----------------------+---------+-----------------+
| 628 | [161, 1337, 241, 907] | 3317530 | [747]           |
+-----+-----------------------+---------+-----------------+
| 629 | [131, 1267, 225, 572] | 3593413 | [314]           |
+-----+-----------------------+---------+-----------------+
| 630 | [39, 400, 175, 907]   | 7564494 | [713]           |
+-----+-----------------------+---------+-----------------+
| 631 | [133, 224, 226, 935]  | 8612592 | [694]           |
+-----+-----------------------+---------+-----------------+
| 632 | [104, 1656, 212, 966] | 2301157 | [552]           |
+-----+-----------------------+---------+-----------------+
| 633 | [161, 729, 243, 983]  | 5958770 | [225]           |
+-----+-----------------------+---------+-----------------+
| 634 | [103, 990, 212, 970]  | 4788964 | [945]           |
+-----+-----------------------+---------+-----------------+
| 635 | [21, 1127, 168, 558]  | 4137036 | [855]           |
+-----+-----------------------+---------+-----------------+
| 636 | [90, 203, 205, 856]   | 346770  | [720]           |
+-----+-----------------------+---------+-----------------+
| 637 | [13, 1565, 165, 540]  | 2524857 | [803]           |
+-----+-----------------------+---------+-----------------+
| 638 | [141, 16, 234, 867]   | 36395   | [35]            |
+-----+-----------------------+---------+-----------------+
| 639 | [91, 651, 208, 964]   | 6389873 | [474]           |
+-----+-----------------------+---------+-----------------+
| 640 | [12, 100, 166, 917]   | 299100  | [786]           |
+-----+-----------------------+---------+-----------------+
| 641 | [125, 2234, 229, 978] | 933454  | [440]           |
+-----+-----------------------+---------+-----------------+
| 642 | [28, 1293, 176, 993]  | 3650398 | [448]           |
+-----+-----------------------+---------+-----------------+
| 643 | [163, 762, 249, 566]  | 5823078 | [425]           |
+-----+-----------------------+---------+-----------------+
| 644 | [83, 1473, 207, 729]  | 3075637 | [555]           |
+-----+-----------------------+---------+-----------------+
| 645 | [101, 216, 216, 646]  | 8995699 | [56]            |
+-----+-----------------------+---------+-----------------+
| 646 | [143, 2326, 241, 628] | 824837  | [771]           |
+-----+-----------------------+---------+-----------------+
| 647 | [85, 1127, 211, 774]  | 4464536 | [154]           |
+-----+-----------------------+---------+-----------------+
| 648 | [13, 287, 172, 498]   | 8775423 | [387]           |
+-----+-----------------------+---------+-----------------+
| 649 | [81, 22, 211, 724]    | 172074  | [569]           |
+-----+-----------------------+---------+-----------------+
| 650 | [78, 1791, 211, 893]  | 2168143 | [95]            |
+-----+-----------------------+---------+-----------------+
| 651 | [143, 363, 245, 994]  | 8249672 | [943]           |
+-----+-----------------------+---------+-----------------+
| 652 | [19, 1440, 182, 551]  | 3407350 | [924]           |
+-----+-----------------------+---------+-----------------+
| 653 | [10, 2083, 178, 747]  | 1450522 | [113]           |
+-----+-----------------------+---------+-----------------+
| 654 | [21, 778, 183, 769]   | 6254418 | [359]           |
+-----+-----------------------+---------+-----------------+
| 655 | [19, 2383, 186, 804]  | 830861  | [604]           |
+-----+-----------------------+---------+-----------------+
| 656 | [38, 1968, 196, 677]  | 1819733 | [26]            |
+-----+-----------------------+---------+-----------------+
| 657 | [59, 1951, 208, 778]  | 1863014 | [796]           |
+-----+-----------------------+---------+-----------------+
| 658 | [28, 971, 191, 517]   | 5360839 | [25]            |
+-----+-----------------------+---------+-----------------+
| 659 | [42, 150, 198, 611]   | 9826736 | [30]            |
+-----+-----------------------+---------+-----------------+
| 660 | [49, 2122, 204, 851]  | 1434174 | [334]           |
+-----+-----------------------+---------+-----------------+
| 661 | [18, 300, 187, 816]   | 9122638 | [716]           |
+-----+-----------------------+---------+-----------------+
| 662 | [81, 1994, 224, 667]  | 1806354 | [404]           |
+-----+-----------------------+---------+-----------------+
| 663 | [73, 684, 219, 527]   | 6977319 | [610]           |
+-----+-----------------------+---------+-----------------+
| 664 | [26, 63, 194, 874]    | 339546  | [151]           |
+-----+-----------------------+---------+-----------------+
| 665 | [65, 2415, 217, 520]  | 884261  | [719]           |
+-----+-----------------------+---------+-----------------+
| 666 | [25, 687, 195, 620]   | 7033727 | [507]           |
+-----+-----------------------+---------+-----------------+
| 667 | [82, 813, 226, 697]   | 6422074 | [123]           |
+-----+-----------------------+---------+-----------------+
| 668 | [50, 1566, 210, 852]  | 3204115 | [177]           |
+-----+-----------------------+---------+-----------------+
| 669 | [47, 2134, 209, 777]  | 1518115 | [972]           |
+-----+-----------------------+---------+-----------------+
| 670 | [42, 1702, 209, 899]  | 2772709 | [815]           |
+-----+-----------------------+---------+-----------------+
| 671 | [28, 1056, 201, 989]  | 5340819 | [430]           |
+-----+-----------------------+---------+-----------------+
| 672 | [100, 2012, 241, 860] | 1874817 | [744]           |
+-----+-----------------------+---------+-----------------+
| 673 | [56, 1214, 218, 692]  | 4654206 | [289]           |
+-----+-----------------------+---------+-----------------+
| 674 | [68, 599, 224, 860]   | 7612739 | [245]           |
+-----+-----------------------+---------+-----------------+
| 675 | [46, 2190, 214, 728]  | 1467242 | [636]           |
+-----+-----------------------+---------+-----------------+
| 676 | [16, 1549, 199, 929]  | 3471980 | [99]            |
+-----+-----------------------+---------+-----------------+
| 677 | [36, 808, 211, 916]   | 6654484 | [831]           |
+-----+-----------------------+---------+-----------------+
| 678 | [22, 76, 203, 588]    | 393215  | [674]           |
+-----+-----------------------+---------+-----------------+
| 679 | [61, 1190, 228, 821]  | 4885569 | [832]           |
+-----+-----------------------+---------+-----------------+
| 680 | [72, 556, 234, 856]   | 7983027 | [98]            |
+-----+-----------------------+---------+-----------------+
| 681 | [27, 1808, 215, 854]  | 2577297 | [390]           |
+-----+-----------------------+---------+-----------------+
| 682 | [62, 77, 235, 807]    | 370156  | [811]           |
+-----+-----------------------+---------+-----------------+
| 683 | [69, 757, 240, 523]   | 6966633 | [869]           |
+-----+-----------------------+---------+-----------------+
| 684 | [75, 835, 245, 967]   | 6610891 | [821]           |
+-----+-----------------------+---------+-----------------+
| 685 | [67, 1077, 241, 775]  | 5479794 | [462]           |
+-----+-----------------------+---------+-----------------+
| 686 | [70, 330, 242, 883]   | 9538080 | [871]           |
+-----+-----------------------+---------+-----------------+
| 687 | [65, 585, 243, 829]   | 8033882 | [476]           |
+-----+-----------------------+---------+-----------------+
| 688 | [15, 1309, 217, 831]  | 4479639 | [345]           |
+-----+-----------------------+---------+-----------------+
| 689 | [75, 302, 249, 647]   | 9786380 | [236]           |
+-----+-----------------------+---------+-----------------+
| 690 | [55, 1651, 240, 765]  | 3227714 | [212]           |
+-----+-----------------------+---------+-----------------+
| 691 | [41, 1606, 235, 837]  | 3326855 | [917]           |
+-----+-----------------------+---------+-----------------+
| 692 | [43, 664, 236, 905]   | 7795154 | [243]           |
+-----+-----------------------+---------+-----------------+
| 693 | [37, 1256, 240, 957]  | 4860666 | [512]           |
+-----+-----------------------+---------+-----------------+
| 694 | [47, 1750, 250, 470]  | 2955573 | [540]           |
+-----+-----------------------+---------+-----------------+
| 695 | [25, 1215, 238, 700]  | 4888464 | [273]           |
+-----+-----------------------+---------+-----------------+
| 696 | [10, 1239, 230, 841]  | 5034288 | [481]           |
+-----+-----------------------+---------+-----------------+
| 697 | [16, 2264, 235, 965]  | 1505146 | [659]           |
+-----+-----------------------+---------+-----------------+
| 698 | [16, 348, 234, 892]   | 9744493 | [484]           |
+-----+-----------------------+---------+-----------------+
| 699 | [17, 1476, 246, 747]  | 4056491 | [535]           |
+-----+-----------------------+---------+-----------------+

Total OF: 593483976
Runtime: 1
latencies: 0.115184 - 93.8132%
filter  : 0.00642677 - 5.23435%
search  : 0.00097638 - 0.795224%
--------------Times execs----------------
    0: 0.122781
 mean: 0.122781
   sd: 0

First ignored:

 mean: 0
   sd: 0

----------------------
