Number of jobs: 700

+-----+-----------------------+----------+-----------------+
| Job | [Jr,Jb,Jl,Jo]         | OF       | Allocated nodes |
+-----+-----------------------+----------+-----------------+
| 0   | [348, 1250, 41, 564]  | 35143    | [174]           |
+-----+-----------------------+----------+-----------------+
| 1   | [348, 2018, 43, 665]  | 62807    | [69]            |
+-----+-----------------------+----------+-----------------+
| 2   | [344, 2310, 44, 977]  | 12317    | [277]           |
+-----+-----------------------+----------+-----------------+
| 3   | [350, 1967, 47, 509]  | 5181     | [7, 322]        |
+-----+-----------------------+----------+-----------------+
| 4   | [334, 1360, 40, 538]  | 417      | [333]           |
+-----+-----------------------+----------+-----------------+
| 5   | [312, 1863, 31, 983]  | 360574   | [364]           |
+-----+-----------------------+----------+-----------------+
| 6   | [339, 2234, 46, 945]  | 92598    | [328]           |
+-----+-----------------------+----------+-----------------+
| 7   | [299, 1030, 31, 479]  | 290961   | [152]           |
+-----+-----------------------+----------+-----------------+
| 8   | [305, 1313, 36, 682]  | 59216    | [217]           |
+-----+-----------------------+----------+-----------------+
| 9   | [292, 1882, 30, 789]  | 28832    | [40]            |
+-----+-----------------------+----------+-----------------+
| 10  | [298, 214, 34, 704]   | 679596   | [353]           |
+-----+-----------------------+----------+-----------------+
| 11  | [327, 389, 50, 673]   | 45596    | [275]           |
+-----+-----------------------+----------+-----------------+
| 12  | [333, 265, 54, 539]   | 62597    | [488]           |
+-----+-----------------------+----------+-----------------+
| 13  | [343, 2012, 61, 732]  | 2409     | [156]           |
+-----+-----------------------+----------+-----------------+
| 14  | [303, 1449, 42, 624]  | 269440   | [145]           |
+-----+-----------------------+----------+-----------------+
| 15  | [283, 2011, 37, 740]  | 9085     | [303]           |
+-----+-----------------------+----------+-----------------+
| 16  | [293, 744, 42, 882]   | 61748    | [358]           |
+-----+-----------------------+----------+-----------------+
| 17  | [325, 440, 59, 964]   | 4267     | [241]           |
+-----+-----------------------+----------+-----------------+
| 18  | [271, 2265, 34, 459]  | 126      | [372]           |
+-----+-----------------------+----------+-----------------+
| 19  | [321, 2493, 62, 521]  | 5403     | [63]            |
+-----+-----------------------+----------+-----------------+
| 20  | [262, 2006, 30, 651]  | 1607145  | [30]            |
+-----+-----------------------+----------+-----------------+
| 21  | [314, 1872, 58, 683]  | 69526    | [190]           |
+-----+-----------------------+----------+-----------------+
| 22  | [344, 1601, 74, 674]  | 19158    | [66]            |
+-----+-----------------------+----------+-----------------+
| 23  | [288, 1963, 46, 913]  | 376      | [479]           |
+-----+-----------------------+----------+-----------------+
| 24  | [297, 659, 51, 829]   | 233506   | [136]           |
+-----+-----------------------+----------+-----------------+
| 25  | [342, 2111, 78, 935]  | 1916     | [238]           |
+-----+-----------------------+----------+-----------------+
| 26  | [275, 1685, 42, 924]  | 9905     | [127]           |
+-----+-----------------------+----------+-----------------+
| 27  | [338, 1159, 76, 958]  | 70       | [0, 251]        |
+-----+-----------------------+----------+-----------------+
| 28  | [339, 1601, 77, 687]  | 33567    | [1, 258]        |
+-----+-----------------------+----------+-----------------+
| 29  | [336, 1458, 76, 932]  | 11100    | [254]           |
+-----+-----------------------+----------+-----------------+
| 30  | [325, 1335, 71, 784]  | 4766     | [160]           |
+-----+-----------------------+----------+-----------------+
| 31  | [343, 1191, 81, 839]  | 2707     | [352]           |
+-----+-----------------------+----------+-----------------+
| 32  | [318, 1524, 70, 558]  | 2412     | [533]           |
+-----+-----------------------+----------+-----------------+
| 33  | [285, 1002, 54, 878]  | 11263    | [204]           |
+-----+-----------------------+----------+-----------------+
| 34  | [280, 1558, 52, 602]  | 92177    | [356]           |
+-----+-----------------------+----------+-----------------+
| 35  | [240, 2090, 31, 510]  | 1360033  | [9, 510]        |
+-----+-----------------------+----------+-----------------+
| 36  | [330, 90, 78, 893]    | 5890     | [137]           |
+-----+-----------------------+----------+-----------------+
| 37  | [279, 1165, 52, 814]  | 4615     | [397]           |
+-----+-----------------------+----------+-----------------+
| 38  | [292, 1563, 60, 798]  | 3585     | [472]           |
+-----+-----------------------+----------+-----------------+
| 39  | [339, 2374, 88, 472]  | 634      | [203, 240]      |
+-----+-----------------------+----------+-----------------+
| 40  | [241, 1640, 35, 808]  | 59653    | [261]           |
+-----+-----------------------+----------+-----------------+
| 41  | [332, 1443, 84, 789]  | 16490    | [84]            |
+-----+-----------------------+----------+-----------------+
| 42  | [331, 2468, 86, 767]  | 644      | [262, 301]      |
+-----+-----------------------+----------+-----------------+
| 43  | [284, 79, 59, 447]    | 1577     | [531]           |
+-----+-----------------------+----------+-----------------+
| 44  | [302, 1150, 70, 789]  | 6151     | [520]           |
+-----+-----------------------+----------+-----------------+
| 45  | [245, 2300, 42, 648]  | 211757   | [441]           |
+-----+-----------------------+----------+-----------------+
| 46  | [273, 697, 57, 578]   | 29809    | [294]           |
+-----+-----------------------+----------+-----------------+
| 47  | [335, 1807, 92, 832]  | 279      | [547]           |
+-----+-----------------------+----------+-----------------+
| 48  | [235, 673, 38, 888]   | 5936     | [291]           |
+-----+-----------------------+----------+-----------------+
| 49  | [346, 2116, 99, 613]  | 3229     | [149, 402]      |
+-----+-----------------------+----------+-----------------+
| 50  | [319, 1983, 85, 680]  | 30062    | [13, 178]       |
+-----+-----------------------+----------+-----------------+
| 51  | [318, 2404, 85, 930]  | 566      | [104, 172]      |
+-----+-----------------------+----------+-----------------+
| 52  | [260, 1723, 58, 668]  | 6708     | [369]           |
+-----+-----------------------+----------+-----------------+
| 53  | [227, 2087, 41, 835]  | 2191     | [197]           |
+-----+-----------------------+----------+-----------------+
| 54  | [331, 1489, 97, 577]  | 10606    | [35, 278]       |
+-----+-----------------------+----------+-----------------+
| 55  | [275, 1364, 68, 763]  | 1053     | [554]           |
+-----+-----------------------+----------+-----------------+
| 56  | [211, 1747, 34, 576]  | 214358   | [410]           |
+-----+-----------------------+----------+-----------------+
| 57  | [272, 1626, 67, 809]  | 12084    | [158, 263]      |
+-----+-----------------------+----------+-----------------+
| 58  | [261, 1531, 61, 769]  | 23640    | [23, 300]       |
+-----+-----------------------+----------+-----------------+
| 59  | [324, 434, 97, 983]   | 8205     | [109, 232]      |
+-----+-----------------------+----------+-----------------+
| 60  | [235, 810, 50, 748]   | 19741    | [382]           |
+-----+-----------------------+----------+-----------------+
| 61  | [307, 905, 89, 810]   | 9153     | [215]           |
+-----+-----------------------+----------+-----------------+
| 62  | [305, 2382, 90, 802]  | 879      | [339]           |
+-----+-----------------------+----------+-----------------+
| 63  | [339, 456, 107, 530]  | 7604     | [256]           |
+-----+-----------------------+----------+-----------------+
| 64  | [335, 1502, 106, 798] | 16       | [17, 157]       |
+-----+-----------------------+----------+-----------------+
| 65  | [327, 207, 102, 726]  | 1520     | [214]           |
+-----+-----------------------+----------+-----------------+
| 66  | [335, 791, 107, 517]  | 4742     | [534]           |
+-----+-----------------------+----------+-----------------+
| 67  | [269, 1150, 73, 564]  | 1946     | [213]           |
+-----+-----------------------+----------+-----------------+
| 68  | [321, 2197, 102, 970] | 584      | [163, 426]      |
+-----+-----------------------+----------+-----------------+
| 69  | [207, 1284, 40, 711]  | 399368   | [140]           |
+-----+-----------------------+----------+-----------------+
| 70  | [217, 540, 47, 630]   | 32953    | [544]           |
+-----+-----------------------+----------+-----------------+
| 71  | [292, 1101, 88, 549]  | 2194     | [389]           |
+-----+-----------------------+----------+-----------------+
| 72  | [347, 1162, 118, 638] | 877      | [432]           |
+-----+-----------------------+----------+-----------------+
| 73  | [303, 1563, 96, 681]  | 5323     | [110, 128]      |
+-----+-----------------------+----------+-----------------+
| 74  | [242, 986, 63, 824]   | 6192     | [15]            |
+-----+-----------------------+----------+-----------------+
| 75  | [285, 199, 86, 655]   | 12963    | [122]           |
+-----+-----------------------+----------+-----------------+
| 76  | [348, 921, 122, 898]  | 3366     | [27]            |
+-----+-----------------------+----------+-----------------+
| 77  | [266, 1656, 79, 464]  | 53554    | [167]           |
+-----+-----------------------+----------+-----------------+
| 78  | [282, 2143, 89, 627]  | 9359     | [455]           |
+-----+-----------------------+----------+-----------------+
| 79  | [213, 2146, 52, 606]  | 1367     | [460]           |
+-----+-----------------------+----------+-----------------+
| 80  | [235, 2328, 64, 489]  | 20753    | [103, 594]      |
+-----+-----------------------+----------+-----------------+
| 81  | [241, 1744, 68, 632]  | 42901    | [47, 348]       |
+-----+-----------------------+----------+-----------------+
| 82  | [198, 527, 44, 786]   | 123547   | [499]           |
+-----+-----------------------+----------+-----------------+
| 83  | [219, 1165, 56, 836]  | 14737    | [159, 282]      |
+-----+-----------------------+----------+-----------------+
| 84  | [274, 2152, 88, 480]  | 13914    | [97]            |
+-----+-----------------------+----------+-----------------+
| 85  | [285, 1921, 94, 979]  | 2267     | [219, 377]      |
+-----+-----------------------+----------+-----------------+
| 86  | [200, 458, 47, 829]   | 2656512  | [221]           |
+-----+-----------------------+----------+-----------------+
| 87  | [294, 611, 98, 474]   | 14147    | [597]           |
+-----+-----------------------+----------+-----------------+
| 88  | [203, 2439, 51, 936]  | 3146     | [125]           |
+-----+-----------------------+----------+-----------------+
| 89  | [185, 1264, 41, 846]  | 48049    | [336]           |
+-----+-----------------------+----------+-----------------+
| 90  | [179, 1021, 38, 533]  | 4548     | [595]           |
+-----+-----------------------+----------+-----------------+
| 91  | [174, 313, 35, 896]   | 111902   | [572]           |
+-----+-----------------------+----------+-----------------+
| 92  | [261, 1542, 83, 635]  | 21786    | [571]           |
+-----+-----------------------+----------+-----------------+
| 93  | [213, 225, 58, 924]   | 38464    | [513]           |
+-----+-----------------------+----------+-----------------+
| 94  | [327, 1288, 121, 956] | 6263     | [185, 272, 391] |
+-----+-----------------------+----------+-----------------+
| 95  | [240, 1621, 75, 879]  | 86271    | [327]           |
+-----+-----------------------+----------+-----------------+
| 96  | [178, 475, 41, 617]   | 185297   | [195]           |
+-----+-----------------------+----------+-----------------+
| 97  | [204, 1898, 58, 501]  | 46030    | [564]           |
+-----+-----------------------+----------+-----------------+
| 98  | [169, 2464, 40, 788]  | 9170     | [561]           |
+-----+-----------------------+----------+-----------------+
| 99  | [252, 1324, 84, 523]  | 5325     | [546]           |
+-----+-----------------------+----------+-----------------+
| 100 | [285, 1446, 102, 550] | 9604     | [46, 284]       |
+-----+-----------------------+----------+-----------------+
| 101 | [229, 915, 72, 593]   | 49825    | [171]           |
+-----+-----------------------+----------+-----------------+
| 102 | [176, 2359, 46, 594]  | 14444    | [482, 483]      |
+-----+-----------------------+----------+-----------------+
| 103 | [320, 827, 123, 788]  | 13169    | [519]           |
+-----+-----------------------+----------+-----------------+
| 104 | [213, 2136, 67, 642]  | 159      | [527]           |
+-----+-----------------------+----------+-----------------+
| 105 | [204, 1731, 63, 550]  | 5697     | [627]           |
+-----+-----------------------+----------+-----------------+
| 106 | [186, 1276, 53, 488]  | 15463    | [201]           |
+-----+-----------------------+----------+-----------------+
| 107 | [176, 973, 48, 788]   | 1279     | [411]           |
+-----+-----------------------+----------+-----------------+
| 108 | [213, 2227, 69, 593]  | 3937     | [439]           |
+-----+-----------------------+----------+-----------------+
| 109 | [280, 167, 104, 979]  | 18290    | [70]            |
+-----+-----------------------+----------+-----------------+
| 110 | [322, 482, 128, 448]  | 14401    | [491]           |
+-----+-----------------------+----------+-----------------+
| 111 | [143, 680, 32, 601]   | 143892   | [503]           |
+-----+-----------------------+----------+-----------------+
| 112 | [232, 534, 81, 698]   | 17282    | [582]           |
+-----+-----------------------+----------+-----------------+
| 113 | [186, 1358, 57, 615]  | 18836    | [424]           |
+-----+-----------------------+----------+-----------------+
| 114 | [281, 2070, 109, 621] | 4606     | [48, 302]       |
+-----+-----------------------+----------+-----------------+
| 115 | [246, 1642, 90, 643]  | 67801    | [124, 226]      |
+-----+-----------------------+----------+-----------------+
| 116 | [319, 1757, 130, 551] | 9972     | [223, 395]      |
+-----+-----------------------+----------+-----------------+
| 117 | [334, 439, 137, 928]  | 14093    | [589]           |
+-----+-----------------------+----------+-----------------+
| 118 | [330, 126, 135, 633]  | 17040    | [311]           |
+-----+-----------------------+----------+-----------------+
| 119 | [153, 825, 41, 858]   | 105651   | [315]           |
+-----+-----------------------+----------+-----------------+
| 120 | [264, 2160, 102, 483] | 8569     | [102, 367]      |
+-----+-----------------------+----------+-----------------+
| 121 | [308, 63, 124, 611]   | 15067    | [286]           |
+-----+-----------------------+----------+-----------------+
| 122 | [215, 1220, 75, 966]  | 10514    | [526]           |
+-----+-----------------------+----------+-----------------+
| 123 | [272, 1350, 106, 631] | 55419    | [457]           |
+-----+-----------------------+----------+-----------------+
| 124 | [239, 127, 88, 897]   | 2798     | [602]           |
+-----+-----------------------+----------+-----------------+
| 125 | [278, 1996, 111, 586] | 3121     | [131]           |
+-----+-----------------------+----------+-----------------+
| 126 | [276, 704, 109, 971]  | 33400    | [592]           |
+-----+-----------------------+----------+-----------------+
| 127 | [193, 266, 64, 597]   | 100471   | [371]           |
+-----+-----------------------+----------+-----------------+
| 128 | [270, 1996, 107, 519] | 20496    | [5, 255]        |
+-----+-----------------------+----------+-----------------+
| 129 | [298, 54, 121, 880]   | 14971    | [657]           |
+-----+-----------------------+----------+-----------------+
| 130 | [346, 2337, 149, 630] | 1365     | [299, 398]      |
+-----+-----------------------+----------+-----------------+
| 131 | [296, 1141, 123, 489] | 19121    | [161]           |
+-----+-----------------------+----------+-----------------+
| 132 | [229, 1160, 87, 905]  | 53345    | [230]           |
+-----+-----------------------+----------+-----------------+
| 133 | [308, 2179, 131, 821] | 6001     | [260, 450]      |
+-----+-----------------------+----------+-----------------+
| 134 | [303, 1704, 128, 526] | 59501    | [656]           |
+-----+-----------------------+----------+-----------------+
| 135 | [202, 2084, 74, 648]  | 44086    | [270]           |
+-----+-----------------------+----------+-----------------+
| 136 | [180, 1204, 62, 456]  | 75426    | [661]           |
+-----+-----------------------+----------+-----------------+
| 137 | [303, 1729, 129, 566] | 711      | [8, 228]        |
+-----+-----------------------+----------+-----------------+
| 138 | [326, 1173, 141, 912] | 26749    | [293]           |
+-----+-----------------------+----------+-----------------+
| 139 | [307, 853, 132, 854]  | 22763    | [34]            |
+-----+-----------------------+----------+-----------------+
| 140 | [245, 2445, 100, 489] | 7938     | [191]           |
+-----+-----------------------+----------+-----------------+
| 141 | [250, 160, 101, 646]  | 987      | [487]           |
+-----+-----------------------+----------+-----------------+
| 142 | [231, 1263, 93, 559]  | 79272    | [545]           |
+-----+-----------------------+----------+-----------------+
| 143 | [268, 574, 113, 776]  | 51038    | [329]           |
+-----+-----------------------+----------+-----------------+
| 144 | [244, 1625, 101, 552] | 77367    | [671]           |
+-----+-----------------------+----------+-----------------+
| 145 | [263, 1213, 113, 446] | 67426    | [222]           |
+-----+-----------------------+----------+-----------------+
| 146 | [309, 2299, 139, 872] | 310      | [577]           |
+-----+-----------------------+----------+-----------------+
| 147 | [247, 2351, 106, 703] | 28120    | [86]            |
+-----+-----------------------+----------+-----------------+
| 148 | [121, 2093, 38, 822]  | 232007   | [91]            |
+-----+-----------------------+----------+-----------------+
| 149 | [200, 2036, 81, 661]  | 3192     | [654]           |
+-----+-----------------------+----------+-----------------+
| 150 | [286, 309, 126, 862]  | 74435    | [551]           |
+-----+-----------------------+----------+-----------------+
| 151 | [268, 811, 117, 514]  | 58136    | [150]           |
+-----+-----------------------+----------+-----------------+
| 152 | [229, 674, 96, 627]   | 114011   | [621]           |
+-----+-----------------------+----------+-----------------+
| 153 | [214, 678, 88, 728]   | 128665   | [575]           |
+-----+-----------------------+----------+-----------------+
| 154 | [284, 2104, 127, 801] | 8724     | [349, 414]      |
+-----+-----------------------+----------+-----------------+
| 155 | [195, 1792, 79, 510]  | 30460    | [570]           |
+-----+-----------------------+----------+-----------------+
| 156 | [193, 635, 77, 527]   | 56918    | [639]           |
+-----+-----------------------+----------+-----------------+
| 157 | [263, 415, 115, 705]  | 77825    | [94]            |
+-----+-----------------------+----------+-----------------+
| 158 | [183, 1797, 74, 567]  | 70409    | [325]           |
+-----+-----------------------+----------+-----------------+
| 159 | [271, 575, 121, 686]  | 100523   | [146]           |
+-----+-----------------------+----------+-----------------+
| 160 | [346, 1438, 163, 612] | 15324    | [308, 443]      |
+-----+-----------------------+----------+-----------------+
| 161 | [232, 577, 101, 868]  | 150437   | [386]           |
+-----+-----------------------+----------+-----------------+
| 162 | [291, 868, 134, 684]  | 57575    | [653]           |
+-----+-----------------------+----------+-----------------+
| 163 | [324, 2299, 153, 524] | 9269     | [58, 458]       |
+-----+-----------------------+----------+-----------------+
| 164 | [317, 828, 148, 829]  | 23225    | [697]           |
+-----+-----------------------+----------+-----------------+
| 165 | [191, 1685, 81, 829]  | 146233   | [249]           |
+-----+-----------------------+----------+-----------------+
| 166 | [335, 1279, 159, 909] | 47364    | [10]            |
+-----+-----------------------+----------+-----------------+
| 167 | [289, 1864, 135, 833] | 42917    | [285]           |
+-----+-----------------------+----------+-----------------+
| 168 | [332, 1075, 158, 625] | 9455     | [451]           |
+-----+-----------------------+----------+-----------------+
| 169 | [137, 2019, 54, 869]  | 121993   | [330]           |
+-----+-----------------------+----------+-----------------+
| 170 | [202, 1991, 90, 676]  | 36744    | [691]           |
+-----+-----------------------+----------+-----------------+
| 171 | [327, 307, 156, 902]  | 52751    | [132, 362]      |
+-----+-----------------------+----------+-----------------+
| 172 | [298, 1016, 141, 483] | 36791    | [704]           |
+-----+-----------------------+----------+-----------------+
| 173 | [93, 2151, 32, 643]   | 91936    | [31]            |
+-----+-----------------------+----------+-----------------+
| 174 | [180, 401, 78, 571]   | 41876    | [708]           |
+-----+-----------------------+----------+-----------------+
| 175 | [180, 212, 78, 777]   | 116932   | [701]           |
+-----+-----------------------+----------+-----------------+
| 176 | [310, 935, 149, 765]  | 61058    | [672]           |
+-----+-----------------------+----------+-----------------+
| 177 | [202, 636, 91, 732]   | 44470    | [709]           |
+-----+-----------------------+----------+-----------------+
| 178 | [111, 2118, 44, 826]  | 308      | [683]           |
+-----+-----------------------+----------+-----------------+
| 179 | [209, 1051, 96, 897]  | 7535     | [676]           |
+-----+-----------------------+----------+-----------------+
| 180 | [210, 927, 97, 497]   | 123521   | [67]            |
+-----+-----------------------+----------+-----------------+
| 181 | [99, 1280, 38, 977]   | 63813    | [344]           |
+-----+-----------------------+----------+-----------------+
| 182 | [151, 1080, 66, 474]  | 16748    | [658]           |
+-----+-----------------------+----------+-----------------+
| 183 | [242, 237, 115, 660]  | 119866   | [492]           |
+-----+-----------------------+----------+-----------------+
| 184 | [188, 1483, 87, 645]  | 75625    | [326]           |
+-----+-----------------------+----------+-----------------+
| 185 | [309, 2086, 153, 708] | 20643    | [198]           |
+-----+-----------------------+----------+-----------------+
| 186 | [339, 1421, 169, 510] | 37714    | [553]           |
+-----+-----------------------+----------+-----------------+
| 187 | [332, 1992, 166, 705] | 32187    | [106]           |
+-----+-----------------------+----------+-----------------+
| 188 | [161, 2057, 74, 870]  | 14413    | [485]           |
+-----+-----------------------+----------+-----------------+
| 189 | [228, 721, 109, 670]  | 120768   | [703]           |
+-----+-----------------------+----------+-----------------+
| 190 | [171, 2067, 80, 561]  | 74502    | [297]           |
+-----+-----------------------+----------+-----------------+
| 191 | [158, 590, 73, 467]   | 173301   | [702]           |
+-----+-----------------------+----------+-----------------+
| 192 | [124, 2022, 56, 456]  | 333      | [600]           |
+-----+-----------------------+----------+-----------------+
| 193 | [305, 2406, 154, 965] | 729      | [682]           |
+-----+-----------------------+----------+-----------------+
| 194 | [348, 2182, 177, 599] | 7385     | [16, 506]       |
+-----+-----------------------+----------+-----------------+
| 195 | [306, 1685, 154, 893] | 3426     | [723]           |
+-----+-----------------------+----------+-----------------+
| 196 | [201, 1041, 97, 683]  | 53640    | [727]           |
+-----+-----------------------+----------+-----------------+
| 197 | [90, 450, 37, 833]    | 381983   | [679]           |
+-----+-----------------------+----------+-----------------+
| 198 | [124, 1916, 57, 482]  | 176792   | [623]           |
+-----+-----------------------+----------+-----------------+
| 199 | [138, 28, 63, 654]    | 18919    | [603]           |
+-----+-----------------------+----------+-----------------+
| 200 | [113, 564, 50, 986]   | 13692    | [734]           |
+-----+-----------------------+----------+-----------------+
| 201 | [205, 1435, 101, 573] | 41118    | [721]           |
+-----+-----------------------+----------+-----------------+
| 202 | [141, 1485, 68, 452]  | 127351   | [452]           |
+-----+-----------------------+----------+-----------------+
| 203 | [119, 787, 56, 545]   | 62495    | [625]           |
+-----+-----------------------+----------+-----------------+
| 204 | [116, 1505, 56, 575]  | 1460     | [502]           |
+-----+-----------------------+----------+-----------------+
| 205 | [68, 1307, 30, 503]   | 1151725  | [417]           |
+-----+-----------------------+----------+-----------------+
| 206 | [118, 701, 57, 858]   | 226587   | [514]           |
+-----+-----------------------+----------+-----------------+
| 207 | [138, 927, 69, 591]   | 95495    | [712]           |
+-----+-----------------------+----------+-----------------+
| 208 | [265, 263, 137, 723]  | 80596    | [730]           |
+-----+-----------------------+----------+-----------------+
| 209 | [212, 1988, 110, 953] | 92626    | [246]           |
+-----+-----------------------+----------+-----------------+
| 210 | [135, 2261, 69, 499]  | 56680    | [407]           |
+-----+-----------------------+----------+-----------------+
| 211 | [122, 2043, 62, 679]  | 116738   | [416]           |
+-----+-----------------------+----------+-----------------+
| 212 | [327, 2245, 173, 846] | 41672    | [74]            |
+-----+-----------------------+----------+-----------------+
| 213 | [165, 1968, 87, 532]  | 138881   | [280]           |
+-----+-----------------------+----------+-----------------+
| 214 | [223, 1580, 118, 529] | 81199    | [655]           |
+-----+-----------------------+----------+-----------------+
| 215 | [131, 2121, 69, 732]  | 10605    | [543]           |
+-----+-----------------------+----------+-----------------+
| 216 | [216, 1517, 115, 798] | 131347   | [538]           |
+-----+-----------------------+----------+-----------------+
| 217 | [64, 96, 33, 708]     | 388995   | [83]            |
+-----+-----------------------+----------+-----------------+
| 218 | [233, 1090, 125, 449] | 18590    | [740]           |
+-----+-----------------------+----------+-----------------+
| 219 | [283, 2296, 153, 641] | 51916    | [601]           |
+-----+-----------------------+----------+-----------------+
| 220 | [57, 623, 30, 580]    | 123654   | [735]           |
+-----+-----------------------+----------+-----------------+
| 221 | [208, 2365, 113, 893] | 57082    | [710]           |
+-----+-----------------------+----------+-----------------+
| 222 | [208, 2268, 113, 745] | 85429    | [3, 350]        |
+-----+-----------------------+----------+-----------------+
| 223 | [324, 2268, 176, 837] | 59278    | [320]           |
+-----+-----------------------+----------+-----------------+
| 224 | [188, 2485, 103, 853] | 16246    | [739]           |
+-----+-----------------------+----------+-----------------+
| 225 | [300, 765, 162, 481]  | 44687    | [751]           |
+-----+-----------------------+----------+-----------------+
| 226 | [123, 1030, 67, 883]  | 62577    | [264]           |
+-----+-----------------------+----------+-----------------+
| 227 | [206, 1240, 112, 622] | 35837    | [692]           |
+-----+-----------------------+----------+-----------------+
| 228 | [269, 2283, 147, 602] | 85440    | [196]           |
+-----+-----------------------+----------+-----------------+
| 229 | [349, 1867, 191, 731] | 19076    | [470, 475, 524] |
+-----+-----------------------+----------+-----------------+
| 230 | [181, 2247, 101, 527] | 80080    | [642]           |
+-----+-----------------------+----------+-----------------+
| 231 | [142, 911, 79, 794]   | 16510    | [749]           |
+-----+-----------------------+----------+-----------------+
| 232 | [326, 127, 178, 556]  | 1709     | [731]           |
+-----+-----------------------+----------+-----------------+
| 233 | [107, 1160, 61, 814]  | 148322   | [466]           |
+-----+-----------------------+----------+-----------------+
| 234 | [133, 1071, 75, 777]  | 133755   | [767]           |
+-----+-----------------------+----------+-----------------+
| 235 | [51, 1039, 31, 467]   | 321323   | [726]           |
+-----+-----------------------+----------+-----------------+
| 236 | [264, 1895, 147, 746] | 60961    | [696]           |
+-----+-----------------------+----------+-----------------+
| 237 | [60, 2287, 38, 962]   | 39668    | [473]           |
+-----+-----------------------+----------+-----------------+
| 238 | [90, 1897, 54, 563]   | 266335   | [148]           |
+-----+-----------------------+----------+-----------------+
| 239 | [178, 743, 101, 471]  | 101527   | [770]           |
+-----+-----------------------+----------+-----------------+
| 240 | [50, 1609, 33, 661]   | 318798   | [55]            |
+-----+-----------------------+----------+-----------------+
| 241 | [58, 1789, 38, 771]   | 525619   | [738]           |
+-----+-----------------------+----------+-----------------+
| 242 | [99, 2498, 61, 580]   | 4154     | [629]           |
+-----+-----------------------+----------+-----------------+
| 243 | [255, 2450, 145, 491] | 41319    | [166, 388, 431] |
+-----+-----------------------+----------+-----------------+
| 244 | [106, 1482, 64, 832]  | 80955    | [269]           |
+-----+-----------------------+----------+-----------------+
| 245 | [226, 95, 128, 544]   | 10546    | [541]           |
+-----+-----------------------+----------+-----------------+
| 246 | [298, 746, 168, 778]  | 15657    | [780]           |
+-----+-----------------------+----------+-----------------+
| 247 | [107, 299, 65, 543]   | 7115     | [687]           |
+-----+-----------------------+----------+-----------------+
| 248 | [321, 2090, 182, 457] | 84107    | [591]           |
+-----+-----------------------+----------+-----------------+
| 249 | [170, 15, 99, 809]    | 23164    | [737]           |
+-----+-----------------------+----------+-----------------+
| 250 | [185, 1784, 109, 868] | 64031    | [764]           |
+-----+-----------------------+----------+-----------------+
| 251 | [295, 338, 167, 951]  | 61305    | [714]           |
+-----+-----------------------+----------+-----------------+
| 252 | [291, 1579, 166, 752] | 116495   | [267]           |
+-----+-----------------------+----------+-----------------+
| 253 | [339, 913, 192, 699]  | 67423    | [793]           |
+-----+-----------------------+----------+-----------------+
| 254 | [206, 1181, 121, 900] | 22443    | [781]           |
+-----+-----------------------+----------+-----------------+
| 255 | [54, 836, 39, 546]    | 1078959  | [176]           |
+-----+-----------------------+----------+-----------------+
| 256 | [109, 1738, 70, 773]  | 6951     | [396]           |
+-----+-----------------------+----------+-----------------+
| 257 | [200, 661, 119, 978]  | 63193    | [782]           |
+-----+-----------------------+----------+-----------------+
| 258 | [344, 933, 197, 556]  | 73367    | [596]           |
+-----+-----------------------+----------+-----------------+
| 259 | [115, 2400, 75, 672]  | 30820    | [765]           |
+-----+-----------------------+----------+-----------------+
| 260 | [332, 1283, 191, 490] | 33868    | [785]           |
+-----+-----------------------+----------+-----------------+
| 261 | [331, 322, 190, 804]  | 52620    | [88]            |
+-----+-----------------------+----------+-----------------+
| 262 | [108, 346, 71, 632]   | 2517     | [755]           |
+-----+-----------------------+----------+-----------------+
| 263 | [47, 1292, 39, 882]   | 297524   | [456]           |
+-----+-----------------------+----------+-----------------+
| 264 | [282, 1577, 166, 928] | 127810   | [607]           |
+-----+-----------------------+----------+-----------------+
| 265 | [124, 411, 80, 865]   | 9140     | [550]           |
+-----+-----------------------+----------+-----------------+
| 266 | [347, 1376, 201, 958] | 63227    | [748]           |
+-----+-----------------------+----------+-----------------+
| 267 | [105, 495, 70, 699]   | 76719    | [707]           |
+-----+-----------------------+----------+-----------------+
| 268 | [177, 532, 109, 467]  | 158737   | [746]           |
+-----+-----------------------+----------+-----------------+
| 269 | [157, 173, 98, 697]   | 22923    | [779]           |
+-----+-----------------------+----------+-----------------+
| 270 | [292, 212, 171, 879]  | 72882    | [43]            |
+-----+-----------------------+----------+-----------------+
| 271 | [220, 925, 133, 675]  | 21860    | [797]           |
+-----+-----------------------+----------+-----------------+
| 272 | [269, 131, 159, 687]  | 10433    | [791]           |
+-----+-----------------------+----------+-----------------+
| 273 | [231, 1827, 140, 882] | 90011    | [118, 179]      |
+-----+-----------------------+----------+-----------------+
| 274 | [210, 2095, 129, 542] | 125833   | [199, 366]      |
+-----+-----------------------+----------+-----------------+
| 275 | [324, 314, 189, 693]  | 79162    | [304]           |
+-----+-----------------------+----------+-----------------+
| 276 | [92, 2460, 66, 651]   | 23102    | [89]            |
+-----+-----------------------+----------+-----------------+
| 277 | [117, 1195, 79, 640]  | 26027    | [788]           |
+-----+-----------------------+----------+-----------------+
| 278 | [295, 1323, 175, 840] | 70402    | [632]           |
+-----+-----------------------+----------+-----------------+
| 279 | [260, 1842, 157, 780] | 106493   | [292]           |
+-----+-----------------------+----------+-----------------+
| 280 | [58, 2272, 49, 615]   | 15432    | [400]           |
+-----+-----------------------+----------+-----------------+
| 281 | [98, 939, 70, 892]    | 112019   | [820]           |
+-----+-----------------------+----------+-----------------+
| 282 | [49, 2287, 45, 544]   | 7473     | [599]           |
+-----+-----------------------+----------+-----------------+
| 283 | [263, 2026, 160, 733] | 40998    | [825]           |
+-----+-----------------------+----------+-----------------+
| 284 | [44, 1551, 42, 689]   | 404788   | [617]           |
+-----+-----------------------+----------+-----------------+
| 285 | [211, 1967, 133, 538] | 139417   | [19]            |
+-----+-----------------------+----------+-----------------+
| 286 | [166, 1799, 109, 486] | 154544   | [309]           |
+-----+-----------------------+----------+-----------------+
| 287 | [45, 315, 43, 718]    | 354283   | [135]           |
+-----+-----------------------+----------+-----------------+
| 288 | [206, 1449, 131, 616] | 144268   | [717]           |
+-----+-----------------------+----------+-----------------+
| 289 | [197, 1094, 126, 462] | 71103    | [812]           |
+-----+-----------------------+----------+-----------------+
| 290 | [288, 1060, 175, 534] | 81630    | [733]           |
+-----+-----------------------+----------+-----------------+
| 291 | [339, 1618, 203, 632] | 42720    | [829]           |
+-----+-----------------------+----------+-----------------+
| 292 | [31, 826, 37, 917]    | 452446   | [75]            |
+-----+-----------------------+----------+-----------------+
| 293 | [320, 2309, 194, 558] | 56540    | [235]           |
+-----+-----------------------+----------+-----------------+
| 294 | [124, 483, 87, 991]   | 86768    | [816]           |
+-----+-----------------------+----------+-----------------+
| 295 | [334, 243, 200, 990]  | 84076    | [250]           |
+-----+-----------------------+----------+-----------------+
| 296 | [303, 1403, 185, 839] | 101065   | [247]           |
+-----+-----------------------+----------+-----------------+
| 297 | [231, 2040, 147, 637] | 163919   | [50]            |
+-----+-----------------------+----------+-----------------+
| 298 | [72, 1813, 63, 616]   | 10636    | [814]           |
+-----+-----------------------+----------+-----------------+
| 299 | [69, 1013, 61, 628]   | 9174     | [836]           |
+-----+-----------------------+----------+-----------------+
| 300 | [301, 2089, 187, 617] | 104742   | [64]            |
+-----+-----------------------+----------+-----------------+
| 301 | [71, 625, 62, 975]    | 10646    | [838]           |
+-----+-----------------------+----------+-----------------+
| 302 | [171, 1810, 117, 651] | 103001   | [842]           |
+-----+-----------------------+----------+-----------------+
| 303 | [112, 2463, 86, 722]  | 21310    | [754]           |
+-----+-----------------------+----------+-----------------+
| 304 | [304, 1927, 190, 988] | 93599    | [218]           |
+-----+-----------------------+----------+-----------------+
| 305 | [76, 949, 67, 982]    | 13029    | [845]           |
+-----+-----------------------+----------+-----------------+
| 306 | [28, 694, 41, 932]    | 362490   | [849]           |
+-----+-----------------------+----------+-----------------+
| 307 | [254, 384, 163, 915]  | 147755   | [666]           |
+-----+-----------------------+----------+-----------------+
| 308 | [298, 1802, 188, 824] | 117627   | [401]           |
+-----+-----------------------+----------+-----------------+
| 309 | [341, 287, 210, 944]  | 93600    | [851]           |
+-----+-----------------------+----------+-----------------+
| 310 | [46, 37, 51, 658]     | 62126    | [850]           |
+-----+-----------------------+----------+-----------------+
| 311 | [306, 1131, 192, 531] | 69947    | [155]           |
+-----+-----------------------+----------+-----------------+
| 312 | [56, 1791, 58, 917]   | 9099     | [645]           |
+-----+-----------------------+----------+-----------------+
| 313 | [18, 1130, 37, 637]   | 437921   | [341]           |
+-----+-----------------------+----------+-----------------+
| 314 | [173, 581, 120, 445]  | 197232   | [477]           |
+-----+-----------------------+----------+-----------------+
| 315 | [144, 906, 105, 887]  | 56917    | [857]           |
+-----+-----------------------+----------+-----------------+
| 316 | [345, 1500, 214, 617] | 61394    | [835]           |
+-----+-----------------------+----------+-----------------+
| 317 | [303, 2178, 192, 710] | 100676   | [759]           |
+-----+-----------------------+----------+-----------------+
| 318 | [17, 1677, 38, 815]   | 324740   | [858]           |
+-----+-----------------------+----------+-----------------+
| 319 | [80, 205, 71, 468]    | 6580     | [756]           |
+-----+-----------------------+----------+-----------------+
| 320 | [39, 71, 49, 935]     | 10079    | [741]           |
+-----+-----------------------+----------+-----------------+
| 321 | [240, 611, 158, 641]  | 14345    | [864]           |
+-----+-----------------------+----------+-----------------+
| 322 | [237, 1153, 157, 603] | 131929   | [640]           |
+-----+-----------------------+----------+-----------------+
| 323 | [165, 1709, 119, 903] | 78602    | [846]           |
+-----+-----------------------+----------+-----------------+
| 324 | [200, 539, 138, 626]  | 181344   | [828]           |
+-----+-----------------------+----------+-----------------+
| 325 | [285, 1990, 185, 714] | 132453   | [117]           |
+-----+-----------------------+----------+-----------------+
| 326 | [186, 1893, 132, 748] | 43736    | [862]           |
+-----+-----------------------+----------+-----------------+
| 327 | [29, 1073, 47, 892]   | 41       | [593]           |
+-----+-----------------------+----------+-----------------+
| 328 | [141, 2279, 109, 945] | 46629    | [859]           |
+-----+-----------------------+----------+-----------------+
| 329 | [44, 122, 55, 988]    | 88234    | [867]           |
+-----+-----------------------+----------+-----------------+
| 330 | [318, 552, 203, 699]  | 108590   | [33]            |
+-----+-----------------------+----------+-----------------+
| 331 | [263, 1804, 175, 703] | 149766   | [870]           |
+-----+-----------------------+----------+-----------------+
| 332 | [23, 2251, 47, 523]   | 48943    | [438]           |
+-----+-----------------------+----------+-----------------+
| 333 | [67, 777, 70, 652]    | 473278   | [511]           |
+-----+-----------------------+----------+-----------------+
| 334 | [180, 944, 131, 800]  | 70694    | [833]           |
+-----+-----------------------+----------+-----------------+
| 335 | [117, 1804, 98, 928]  | 2927     | [24]            |
+-----+-----------------------+----------+-----------------+
| 336 | [111, 1717, 96, 917]  | 6340     | [877]           |
+-----+-----------------------+----------+-----------------+
| 337 | [222, 1396, 156, 679] | 39074    | [876]           |
+-----+-----------------------+----------+-----------------+
| 338 | [110, 2423, 97, 642]  | 70223    | [537]           |
+-----+-----------------------+----------+-----------------+
| 339 | [202, 366, 145, 802]  | 8639     | [823]           |
+-----+-----------------------+----------+-----------------+
| 340 | [271, 2468, 184, 463] | 36529    | [874]           |
+-----+-----------------------+----------+-----------------+
| 341 | [103, 1592, 94, 530]  | 236097   | [884]           |
+-----+-----------------------+----------+-----------------+
| 342 | [40, 912, 60, 605]    | 46336    | [834]           |
+-----+-----------------------+----------+-----------------+
| 343 | [171, 97, 130, 991]   | 94784    | [722]           |
+-----+-----------------------+----------+-----------------+
| 344 | [48, 2354, 66, 504]   | 41640    | [18]            |
+-----+-----------------------+----------+-----------------+
| 345 | [245, 994, 171, 837]  | 37783    | [883]           |
+-----+-----------------------+----------+-----------------+
| 346 | [101, 2481, 95, 701]  | 53442    | [12]            |
+-----+-----------------------+----------+-----------------+
| 347 | [300, 103, 201, 465]  | 20332    | [887]           |
+-----+-----------------------+----------+-----------------+
| 348 | [87, 741, 87, 665]    | 20947    | [888]           |
+-----+-----------------------+----------+-----------------+
| 349 | [38, 1156, 61, 446]   | 16870    | [840]           |
+-----+-----------------------+----------+-----------------+
| 350 | [70, 584, 78, 767]    | 84142    | [822]           |
+-----+-----------------------+----------+-----------------+
| 351 | [126, 260, 108, 968]  | 10345    | [880]           |
+-----+-----------------------+----------+-----------------+
| 352 | [170, 1451, 133, 610] | 6107     | [817]           |
+-----+-----------------------+----------+-----------------+
| 353 | [327, 724, 217, 973]  | 60429    | [839]           |
+-----+-----------------------+----------+-----------------+
| 354 | [47, 1537, 67, 889]   | 4047     | [802]           |
+-----+-----------------------+----------+-----------------+
| 355 | [346, 374, 227, 873]  | 105792   | [393]           |
+-----+-----------------------+----------+-----------------+
| 356 | [216, 1399, 158, 728] | 65358    | [879]           |
+-----+-----------------------+----------+-----------------+
| 357 | [93, 131, 91, 583]    | 87097    | [690]           |
+-----+-----------------------+----------+-----------------+
| 358 | [21, 1889, 54, 655]   | 90338    | [618]           |
+-----+-----------------------+----------+-----------------+
| 359 | [152, 245, 124, 917]  | 76388    | [863]           |
+-----+-----------------------+----------+-----------------+
| 360 | [72, 238, 81, 946]    | 1626     | [902]           |
+-----+-----------------------+----------+-----------------+
| 361 | [82, 569, 87, 911]    | 24651    | [896]           |
+-----+-----------------------+----------+-----------------+
| 362 | [245, 1760, 176, 639] | 165682   | [626]           |
+-----+-----------------------+----------+-----------------+
| 363 | [119, 2228, 109, 760] | 198312   | [904]           |
+-----+-----------------------+----------+-----------------+
| 364 | [69, 2111, 82, 603]   | 18194    | [134]           |
+-----+-----------------------+----------+-----------------+
| 365 | [218, 549, 161, 600]  | 62691    | [901]           |
+-----+-----------------------+----------+-----------------+
| 366 | [317, 2261, 218, 606] | 24641    | [907]           |
+-----+-----------------------+----------+-----------------+
| 367 | [78, 1772, 89, 587]   | 208764   | [878]           |
+-----+-----------------------+----------+-----------------+
| 368 | [128, 597, 115, 536]  | 252205   | [800]           |
+-----+-----------------------+----------+-----------------+
| 369 | [111, 2401, 108, 683] | 99057    | [861]           |
+-----+-----------------------+----------+-----------------+
| 370 | [340, 783, 230, 729]  | 73768    | [144]           |
+-----+-----------------------+----------+-----------------+
| 371 | [203, 1350, 157, 839] | 87287    | [906]           |
+-----+-----------------------+----------+-----------------+
| 372 | [295, 597, 206, 962]  | 122457   | [609]           |
+-----+-----------------------+----------+-----------------+
| 373 | [149, 1180, 128, 981] | 76209    | [905]           |
+-----+-----------------------+----------+-----------------+
| 374 | [296, 740, 207, 814]  | 122080   | [324]           |
+-----+-----------------------+----------+-----------------+
| 375 | [68, 1334, 85, 772]   | 1500     | [446]           |
+-----+-----------------------+----------+-----------------+
| 376 | [287, 1421, 203, 925] | 120303   | [680]           |
+-----+-----------------------+----------+-----------------+
| 377 | [316, 2390, 220, 911] | 63689    | [563]           |
+-----+-----------------------+----------+-----------------+
| 378 | [322, 393, 222, 784]  | 124026   | [138]           |
+-----+-----------------------+----------+-----------------+
| 379 | [278, 992, 199, 481]  | 96492    | [882]           |
+-----+-----------------------+----------+-----------------+
| 380 | [335, 26, 229, 763]   | 38296    | [480]           |
+-----+-----------------------+----------+-----------------+
| 381 | [303, 44, 212, 866]   | 56753    | [912]           |
+-----+-----------------------+----------+-----------------+
| 382 | [250, 1452, 185, 594] | 182558   | [826]           |
+-----+-----------------------+----------+-----------------+
| 383 | [298, 2380, 212, 463] | 75209    | [129]           |
+-----+-----------------------+----------+-----------------+
| 384 | [199, 1420, 158, 717] | 83983    | [911]           |
+-----+-----------------------+----------+-----------------+
| 385 | [301, 1162, 213, 932] | 84751    | [886]           |
+-----+-----------------------+----------+-----------------+
| 386 | [134, 798, 123, 548]  | 122681   | [923]           |
+-----+-----------------------+----------+-----------------+
| 387 | [51, 1310, 79, 706]   | 76600    | [799]           |
+-----+-----------------------+----------+-----------------+
| 388 | [312, 524, 219, 760]  | 8753     | [916]           |
+-----+-----------------------+----------+-----------------+
| 389 | [93, 2090, 103, 676]  | 30784    | [909]           |
+-----+-----------------------+----------+-----------------+
| 390 | [243, 2066, 184, 576] | 70251    | [903]           |
+-----+-----------------------+----------+-----------------+
| 391 | [143, 1403, 130, 976] | 230358   | [276]           |
+-----+-----------------------+----------+-----------------+
| 392 | [220, 848, 171, 472]  | 191652   | [183]           |
+-----+-----------------------+----------+-----------------+
| 393 | [327, 2392, 230, 717] | 65094    | [590]           |
+-----+-----------------------+----------+-----------------+
| 394 | [197, 1116, 159, 668] | 164543   | [777]           |
+-----+-----------------------+----------+-----------------+
| 395 | [267, 828, 197, 758]  | 159165   | [619]           |
+-----+-----------------------+----------+-----------------+
| 396 | [135, 1874, 127, 691] | 25736    | [927]           |
+-----+-----------------------+----------+-----------------+
| 397 | [96, 948, 106, 964]   | 9352     | [937]           |
+-----+-----------------------+----------+-----------------+
| 398 | [103, 1069, 110, 724] | 268629   | [926]           |
+-----+-----------------------+----------+-----------------+
| 399 | [102, 338, 110, 568]  | 18634    | [919]           |
+-----+-----------------------+----------+-----------------+
| 400 | [232, 2363, 182, 593] | 94176    | [922]           |
+-----+-----------------------+----------+-----------------+
| 401 | [106, 2103, 114, 701] | 122940   | [944]           |
+-----+-----------------------+----------+-----------------+
| 402 | [265, 2456, 200, 589] | 47083    | [818]           |
+-----+-----------------------+----------+-----------------+
| 403 | [60, 1380, 89, 992]   | 135434   | [942]           |
+-----+-----------------------+----------+-----------------+
| 404 | [283, 2263, 211, 680] | 81027    | [933]           |
+-----+-----------------------+----------+-----------------+
| 405 | [48, 299, 83, 923]    | 95611    | [936]           |
+-----+-----------------------+----------+-----------------+
| 406 | [48, 1382, 84, 476]   | 143900   | [651]           |
+-----+-----------------------+----------+-----------------+
| 407 | [306, 2150, 224, 619] | 117616   | [644]           |
+-----+-----------------------+----------+-----------------+
| 408 | [145, 1651, 137, 586] | 104775   | [949]           |
+-----+-----------------------+----------+-----------------+
| 409 | [303, 1370, 222, 846] | 101465   | [939]           |
+-----+-----------------------+----------+-----------------+
| 410 | [163, 139, 146, 544]  | 50501    | [925]           |
+-----+-----------------------+----------+-----------------+
| 411 | [247, 966, 192, 551]  | 200600   | [296]           |
+-----+-----------------------+----------+-----------------+
| 412 | [122, 2175, 126, 925] | 23237    | [946]           |
+-----+-----------------------+----------+-----------------+
| 413 | [329, 183, 236, 763]  | 80118    | [913]           |
+-----+-----------------------+----------+-----------------+
| 414 | [11, 2433, 67, 829]   | 84006    | [205]           |
+-----+-----------------------+----------+-----------------+
| 415 | [317, 1924, 233, 640] | 99899    | [952]           |
+-----+-----------------------+----------+-----------------+
| 416 | [345, 1799, 248, 837] | 116905   | [374]           |
+-----+-----------------------+----------+-----------------+
| 417 | [247, 1234, 195, 920] | 112284   | [953]           |
+-----+-----------------------+----------+-----------------+
| 418 | [243, 2032, 194, 873] | 174027   | [580]           |
+-----+-----------------------+----------+-----------------+
| 419 | [243, 499, 193, 994]  | 82221    | [932]           |
+-----+-----------------------+----------+-----------------+
| 420 | [13, 1198, 70, 555]   | 97804    | [960]           |
+-----+-----------------------+----------+-----------------+
| 421 | [307, 515, 229, 533]  | 131054   | [288]           |
+-----+-----------------------+----------+-----------------+
| 422 | [329, 1534, 242, 713] | 114410   | [54]            |
+-----+-----------------------+----------+-----------------+
| 423 | [135, 814, 137, 877]  | 140241   | [954]           |
+-----+-----------------------+----------+-----------------+
| 424 | [330, 588, 242, 657]  | 109218   | [868]           |
+-----+-----------------------+----------+-----------------+
| 425 | [31, 1431, 82, 973]   | 108984   | [622]           |
+-----+-----------------------+----------+-----------------+
| 426 | [174, 2413, 160, 597] | 87480    | [188]           |
+-----+-----------------------+----------+-----------------+
| 427 | [23, 298, 77, 648]    | 19013    | [853]           |
+-----+-----------------------+----------+-----------------+
| 428 | [272, 1340, 212, 989] | 51044    | [969]           |
+-----+-----------------------+----------+-----------------+
| 429 | [272, 818, 212, 564]  | 101583   | [928]           |
+-----+-----------------------+----------+-----------------+
| 430 | [51, 1687, 94, 840]   | 90246    | [955]           |
+-----+-----------------------+----------+-----------------+
| 431 | [316, 1693, 237, 765] | 18052    | [967]           |
+-----+-----------------------+----------+-----------------+
| 432 | [60, 1976, 100, 796]  | 111797   | [970]           |
+-----+-----------------------+----------+-----------------+
| 433 | [101, 368, 121, 569]  | 346018   | [509]           |
+-----+-----------------------+----------+-----------------+
| 434 | [120, 1178, 132, 620] | 50687    | [971]           |
+-----+-----------------------+----------+-----------------+
| 435 | [207, 1815, 180, 712] | 196558   | [964]           |
+-----+-----------------------+----------+-----------------+
| 436 | [245, 851, 201, 795]  | 183413   | [363]           |
+-----+-----------------------+----------+-----------------+
| 437 | [84, 1011, 115, 653]  | 298778   | [979]           |
+-----+-----------------------+----------+-----------------+
| 438 | [235, 1532, 197, 485] | 184427   | [798]           |
+-----+-----------------------+----------+-----------------+
| 439 | [68, 401, 107, 914]   | 389436   | [121]           |
+-----+-----------------------+----------+-----------------+
| 440 | [315, 2012, 242, 805] | 100345   | [981]           |
+-----+-----------------------+----------+-----------------+
| 441 | [227, 2390, 195, 491] | 102389   | [760]           |
+-----+-----------------------+----------+-----------------+
| 442 | [140, 853, 147, 585]  | 82911    | [982]           |
+-----+-----------------------+----------+-----------------+
| 443 | [220, 476, 190, 998]  | 223821   | [193]           |
+-----+-----------------------+----------+-----------------+
| 444 | [232, 2108, 198, 531] | 107733   | [985]           |
+-----+-----------------------+----------+-----------------+
| 445 | [13, 412, 79, 739]    | 53772    | [988]           |
+-----+-----------------------+----------+-----------------+
| 446 | [165, 1763, 162, 474] | 94364    | [984]           |
+-----+-----------------------+----------+-----------------+
| 447 | [135, 543, 145, 975]  | 327266   | [373]           |
+-----+-----------------------+----------+-----------------+
| 448 | [88, 812, 120, 655]   | 267968   | [989]           |
+-----+-----------------------+----------+-----------------+
| 449 | [228, 1244, 196, 573] | 185932   | [745]           |
+-----+-----------------------+----------+-----------------+
| 450 | [51, 276, 100, 858]   | 354510   | [695]           |
+-----+-----------------------+----------+-----------------+
| 451 | [289, 683, 229, 805]  | 150366   | [758]           |
+-----+-----------------------+----------+-----------------+
| 452 | [112, 432, 134, 854]  | 152797   | [995]           |
+-----+-----------------------+----------+-----------------+
| 453 | [217, 935, 191, 800]  | 126481   | [990]           |
+-----+-----------------------+----------+-----------------+
| 454 | [46, 1593, 100, 462]  | 416200   | [253]           |
+-----+-----------------------+----------+-----------------+
| 455 | [236, 255, 203, 454]  | 118679   | [996]           |
+-----+-----------------------+----------+-----------------+
| 456 | [264, 2442, 220, 919] | 76101    | [465]           |
+-----+-----------------------+----------+-----------------+
| 457 | [210, 1316, 190, 726] | 155908   | [999]           |
+-----+-----------------------+----------+-----------------+
| 458 | [313, 369, 245, 838]  | 231553   | [229]           |
+-----+-----------------------+----------+-----------------+
| 459 | [162, 1122, 165, 823] | 229086   | [312]           |
+-----+-----------------------+----------+-----------------+
| 460 | [40, 1303, 100, 954]  | 399400   | [646]           |
+-----+-----------------------+----------+-----------------+
| 461 | [201, 424, 186, 717]  | 323645   | [725]           |
+-----+-----------------------+----------+-----------------+
| 462 | [166, 563, 168, 444]  | 443977   | [705]           |
+-----+-----------------------+----------+-----------------+
| 463 | [234, 1921, 207, 703] | 188407   | [941]           |
+-----+-----------------------+----------+-----------------+
| 464 | [256, 344, 218, 446]  | 1295645  | [921]           |
+-----+-----------------------+----------+-----------------+
| 465 | [302, 767, 244, 496]  | 1371677  | [587]           |
+-----+-----------------------+----------+-----------------+
| 466 | [147, 2358, 162, 503] | 27616    | [973]           |
+-----+-----------------------+----------+-----------------+
| 467 | [116, 509, 144, 685]  | 2774656  | [530]           |
+-----+-----------------------+----------+-----------------+
| 468 | [304, 202, 245, 716]  | 101377   | [890]           |
+-----+-----------------------+----------+-----------------+
| 469 | [71, 1502, 121, 627]  | 719946   | [93]            |
+-----+-----------------------+----------+-----------------+
| 470 | [77, 1763, 125, 570]  | 476697   | [116]           |
+-----+-----------------------+----------+-----------------+
| 471 | [220, 429, 201, 855]  | 3441927  | [976]           |
+-----+-----------------------+----------+-----------------+
| 472 | [297, 772, 243, 834]  | 2266950  | [408]           |
+-----+-----------------------+----------+-----------------+
| 473 | [102, 127, 138, 512]  | 339074   | [720]           |
+-----+-----------------------+----------+-----------------+
| 474 | [165, 183, 172, 645]  | 962313   | [151, 265]      |
+-----+-----------------------+----------+-----------------+
| 475 | [152, 2491, 167, 565] | 73228    | [670]           |
+-----+-----------------------+----------+-----------------+
| 476 | [256, 884, 222, 558]  | 808755   | [202, 434]      |
+-----+-----------------------+----------+-----------------+
| 477 | [176, 111, 179, 680]  | 4793033  | [844]           |
+-----+-----------------------+----------+-----------------+
| 478 | [128, 1073, 154, 946] | 1681728  | [743]           |
+-----+-----------------------+----------+-----------------+
| 479 | [259, 98, 224, 887]   | 89866    | [786]           |
+-----+-----------------------+----------+-----------------+
| 480 | [153, 1022, 168, 945] | 1879993  | [461]           |
+-----+-----------------------+----------+-----------------+
| 481 | [82, 2239, 132, 503]  | 144324   | [73]            |
+-----+-----------------------+----------+-----------------+
| 482 | [128, 2452, 157, 463] | 103511   | [233]           |
+-----+-----------------------+----------+-----------------+
| 483 | [142, 335, 163, 965]  | 4298027  | [961]           |
+-----+-----------------------+----------+-----------------+
| 484 | [49, 2166, 115, 618]  | 263120   | [784]           |
+-----+-----------------------+----------+-----------------+
| 485 | [62, 1513, 122, 769]  | 1102455  | [966]           |
+-----+-----------------------+----------+-----------------+
| 486 | [281, 1482, 240, 761] | 965041   | [108]           |
+-----+-----------------------+----------+-----------------+
| 487 | [281, 455, 240, 464]  | 4011976  | [115]           |
+-----+-----------------------+----------+-----------------+
| 488 | [74, 778, 129, 882]   | 3078236  | [59]            |
+-----+-----------------------+----------+-----------------+
| 489 | [21, 64, 101, 998]    | 395092   | [674]           |
+-----+-----------------------+----------+-----------------+
| 490 | [275, 1510, 239, 668] | 1085659  | [332]           |
+-----+-----------------------+----------+-----------------+
| 491 | [210, 53, 203, 831]   | 213960   | [811]           |
+-----+-----------------------+----------+-----------------+
| 492 | [56, 909, 121, 716]   | 2973607  | [556]           |
+-----+-----------------------+----------+-----------------+
| 493 | [36, 531, 110, 947]   | 237098   | [660]           |
+-----+-----------------------+----------+-----------------+
| 494 | [27, 191, 105, 709]   | 2149116  | [686]           |
+-----+-----------------------+----------+-----------------+
| 495 | [143, 576, 168, 918]  | 4104205  | [865]           |
+-----+-----------------------+----------+-----------------+
| 496 | [141, 1829, 168, 707] | 740689   | [934]           |
+-----+-----------------------+----------+-----------------+
| 497 | [55, 597, 121, 545]   | 4256449  | [412]           |
+-----+-----------------------+----------+-----------------+
| 498 | [62, 2320, 127, 445]  | 219865   | [915]           |
+-----+-----------------------+----------+-----------------+
| 499 | [62, 881, 126, 756]   | 3197076  | [792]           |
+-----+-----------------------+----------+-----------------+
| 500 | [172, 1723, 186, 969] | 931568   | [248]           |
+-----+-----------------------+----------+-----------------+
| 501 | [107, 852, 151, 915]  | 3357343  | [579]           |
+-----+-----------------------+----------+-----------------+
| 502 | [282, 373, 245, 714]  | 5252916  | [268]           |
+-----+-----------------------+----------+-----------------+
| 503 | [255, 967, 231, 843]  | 2935109  | [668]           |
+-----+-----------------------+----------+-----------------+
| 504 | [107, 1268, 152, 849] | 2097860  | [36]            |
+-----+-----------------------+----------+-----------------+
| 505 | [258, 1827, 234, 770] | 812532   | [678]           |
+-----+-----------------------+----------+-----------------+
| 506 | [17, 903, 104, 467]   | 853981   | [711]           |
+-----+-----------------------+----------+-----------------+
| 507 | [127, 1534, 164, 746] | 1479206  | [664]           |
+-----+-----------------------+----------+-----------------+
| 508 | [37, 579, 115, 946]   | 4743881  | [316]           |
+-----+-----------------------+----------+-----------------+
| 509 | [10, 1072, 101, 602]  | 1684883  | [775]           |
+-----+-----------------------+----------+-----------------+
| 510 | [45, 2362, 121, 822]  | 185178   | [605]           |
+-----+-----------------------+----------+-----------------+
| 511 | [160, 1280, 182, 457] | 2178200  | [6]             |
+-----+-----------------------+----------+-----------------+
| 512 | [15, 1152, 104, 704]  | 2499838  | [38]            |
+-----+-----------------------+----------+-----------------+
| 513 | [179, 1123, 193, 634] | 2671801  | [464]           |
+-----+-----------------------+----------+-----------------+
| 514 | [210, 1287, 210, 867] | 2183680  | [469]           |
+-----+-----------------------+----------+-----------------+
| 515 | [58, 1546, 129, 862]  | 1552930  | [631]           |
+-----+-----------------------+----------+-----------------+
| 516 | [120, 77, 162, 452]   | 7203460  | [142]           |
+-----+-----------------------+----------+-----------------+
| 517 | [262, 142, 239, 942]  | 6793106  | [935]           |
+-----+-----------------------+----------+-----------------+
| 518 | [17, 1140, 108, 642]  | 2771125  | [130]           |
+-----+-----------------------+----------+-----------------+
| 519 | [258, 1488, 239, 522] | 1638534  | [39]            |
+-----+-----------------------+----------+-----------------+
| 520 | [48, 411, 126, 747]   | 5693256  | [78]            |
+-----+-----------------------+----------+-----------------+
| 521 | [233, 2258, 228, 461] | 315204   | [848]           |
+-----+-----------------------+----------+-----------------+
| 522 | [119, 1180, 166, 908] | 2658732  | [495]           |
+-----+-----------------------+----------+-----------------+
| 523 | [233, 1858, 228, 725] | 915882   | [641]           |
+-----+-----------------------+----------+-----------------+
| 524 | [152, 2322, 185, 732] | 286740   | [107]           |
+-----+-----------------------+----------+-----------------+
| 525 | [157, 10, 186, 897]   | 114986   | [569]           |
+-----+-----------------------+----------+-----------------+
| 526 | [175, 218, 196, 645]  | 6635786  | [650]           |
+-----+-----------------------+----------+-----------------+
| 527 | [114, 1088, 164, 737] | 3060609  | [32]            |
+-----+-----------------------+----------+-----------------+
| 528 | [96, 641, 154, 488]   | 4849193  | [837]           |
+-----+-----------------------+----------+-----------------+
| 529 | [176, 287, 197, 566]  | 6478061  | [11]            |
+-----+-----------------------+----------+-----------------+
| 530 | [21, 751, 115, 877]   | 4380626  | [638]           |
+-----+-----------------------+----------+-----------------+
| 531 | [93, 1077, 155, 701]  | 3164086  | [90]            |
+-----+-----------------------+----------+-----------------+
| 532 | [142, 1646, 182, 858] | 1509184  | [317]           |
+-----+-----------------------+----------+-----------------+
| 533 | [147, 673, 184, 462]  | 4734361  | [141]           |
+-----+-----------------------+----------+-----------------+
| 534 | [178, 1913, 202, 563] | 926856   | [993]           |
+-----+-----------------------+----------+-----------------+
| 535 | [186, 368, 205, 777]  | 6111595  | [688]           |
+-----+-----------------------+----------+-----------------+
| 536 | [262, 2497, 248, 788] | 147205   | [231]           |
+-----+-----------------------+----------+-----------------+
| 537 | [11, 983, 112, 627]   | 3655616  | [61]            |
+-----+-----------------------+----------+-----------------+
| 538 | [192, 1364, 210, 958] | 2296080  | [757]           |
+-----+-----------------------+----------+-----------------+
| 539 | [20, 17, 117, 795]    | 370707   | [287]           |
+-----+-----------------------+----------+-----------------+
| 540 | [111, 1117, 167, 731] | 3149771  | [244]           |
+-----+-----------------------+----------+-----------------+
| 541 | [224, 1850, 229, 522] | 1069930  | [634]           |
+-----+-----------------------+----------+-----------------+
| 542 | [262, 1194, 249, 950] | 2876441  | [423]           |
+-----+-----------------------+----------+-----------------+
| 543 | [112, 831, 168, 693]  | 4306042  | [565]           |
+-----+-----------------------+----------+-----------------+
| 544 | [45, 2077, 133, 630]  | 680559   | [181]           |
+-----+-----------------------+----------+-----------------+
| 545 | [18, 2497, 119, 821]  | 184224   | [318]           |
+-----+-----------------------+----------+-----------------+
| 546 | [237, 2286, 238, 453] | 432655   | [983]           |
+-----+-----------------------+----------+-----------------+
| 547 | [86, 2348, 157, 671]  | 323906   | [968]           |
+-----+-----------------------+----------+-----------------+
| 548 | [67, 1171, 146, 499]  | 3070932  | [501]           |
+-----+-----------------------+----------+-----------------+
| 549 | [108, 2259, 169, 713] | 469157   | [950]           |
+-----+-----------------------+----------+-----------------+
| 550 | [107, 1329, 168, 686] | 2599076  | [742]           |
+-----+-----------------------+----------+-----------------+
| 551 | [119, 1227, 175, 913] | 2965156  | [562]           |
+-----+-----------------------+----------+-----------------+
| 552 | [148, 342, 190, 709]  | 6822091  | [518]           |
+-----+-----------------------+----------+-----------------+
| 553 | [110, 1923, 171, 585] | 1085674  | [992]           |
+-----+-----------------------+----------+-----------------+
| 554 | [107, 1982, 170, 762] | 973823   | [164]           |
+-----+-----------------------+----------+-----------------+
| 555 | [165, 1853, 202, 912] | 1258761  | [790]           |
+-----+-----------------------+----------+-----------------+
| 556 | [59, 179, 144, 973]   | 7551915  | [486]           |
+-----+-----------------------+----------+-----------------+
| 557 | [116, 1085, 176, 493] | 3594145  | [126]           |
+-----+-----------------------+----------+-----------------+
| 558 | [111, 2463, 175, 809] | 305205   | [576]           |
+-----+-----------------------+----------+-----------------+
| 559 | [163, 2324, 203, 646] | 483951   | [409]           |
+-----+-----------------------+----------+-----------------+
| 560 | [25, 1332, 128, 728]  | 2616404  | [795]           |
+-----+-----------------------+----------+-----------------+
| 561 | [211, 1898, 229, 504] | 1231122  | [508]           |
+-----+-----------------------+----------+-----------------+
| 562 | [214, 1581, 231, 672] | 2021811  | [360]           |
+-----+-----------------------+----------+-----------------+
| 563 | [100, 1835, 170, 859] | 1414743  | [794]           |
+-----+-----------------------+----------+-----------------+
| 564 | [141, 1489, 192, 850] | 2371345  | [685]           |
+-----+-----------------------+----------+-----------------+
| 565 | [71, 731, 154, 466]   | 4959823  | [769]           |
+-----+-----------------------+----------+-----------------+
| 566 | [218, 2143, 235, 550] | 787003   | [776]           |
+-----+-----------------------+----------+-----------------+
| 567 | [221, 2336, 237, 501] | 495927   | [978]           |
+-----+-----------------------+----------+-----------------+
| 568 | [182, 1178, 217, 927] | 3435417  | [930]           |
+-----+-----------------------+----------+-----------------+
| 569 | [153, 397, 201, 915]  | 7087567  | [468]           |
+-----+-----------------------+----------+-----------------+
| 570 | [138, 1650, 194, 981] | 1931939  | [428]           |
+-----+-----------------------+----------+-----------------+
| 571 | [120, 1445, 185, 879] | 2636764  | [147]           |
+-----+-----------------------+----------+-----------------+
| 572 | [218, 433, 237, 953]  | 6873555  | [220]           |
+-----+-----------------------+----------+-----------------+
| 573 | [140, 1272, 196, 729] | 3237265  | [805]           |
+-----+-----------------------+----------+-----------------+
| 574 | [185, 1855, 221, 523] | 1495798  | [340]           |
+-----+-----------------------+----------+-----------------+
| 575 | [16, 2353, 131, 486]  | 366449   | [96]            |
+-----+-----------------------+----------+-----------------+
| 576 | [40, 312, 143, 532]   | 7120545  | [298]           |
+-----+-----------------------+----------+-----------------+
| 577 | [29, 385, 139, 824]   | 6756488  | [335]           |
+-----+-----------------------+----------+-----------------+
| 578 | [89, 851, 172, 981]   | 4985654  | [427]           |
+-----+-----------------------+----------+-----------------+
| 579 | [61, 2107, 158, 709]  | 876467   | [392]           |
+-----+-----------------------+----------+-----------------+
| 580 | [183, 941, 225, 542]  | 4543128  | [991]           |
+-----+-----------------------+----------+-----------------+
| 581 | [97, 649, 179, 672]   | 6033712  | [568]           |
+-----+-----------------------+----------+-----------------+
| 582 | [174, 2331, 222, 919] | 622648   | [566]           |
+-----+-----------------------+----------+-----------------+
| 583 | [75, 498, 168, 897]   | 6770299  | [665]           |
+-----+-----------------------+----------+-----------------+
| 584 | [181, 2285, 227, 722] | 725050   | [435]           |
+-----+-----------------------+----------+-----------------+
| 585 | [146, 1211, 208, 572] | 3638711  | [186]           |
+-----+-----------------------+----------+-----------------+
| 586 | [115, 21, 191, 594]   | 287583   | [920]           |
+-----+-----------------------+----------+-----------------+
| 587 | [57, 2326, 162, 591]  | 525800   | [68]            |
+-----+-----------------------+----------+-----------------+
| 588 | [159, 841, 216, 794]  | 5177723  | [77]            |
+-----+-----------------------+----------+-----------------+
| 589 | [206, 200, 241, 563]  | 8392641  | [894]           |
+-----+-----------------------+----------+-----------------+
| 590 | [93, 2133, 182, 475]  | 1076879  | [314]           |
+-----+-----------------------+----------+-----------------+
| 591 | [21, 2412, 145, 797]  | 509767   | [133]           |
+-----+-----------------------+----------+-----------------+
| 592 | [154, 1066, 216, 994] | 4251463  | [809]           |
+-----+-----------------------+----------+-----------------+
| 593 | [160, 1955, 220, 670] | 1435505  | [841]           |
+-----+-----------------------+----------+-----------------+
| 594 | [186, 687, 233, 685]  | 6080018  | [747]           |
+-----+-----------------------+----------+-----------------+
| 595 | [175, 1656, 228, 466] | 2269561  | [694]           |
+-----+-----------------------+----------+-----------------+
| 596 | [24, 212, 146, 799]   | 8635472  | [713]           |
+-----+-----------------------+----------+-----------------+
| 597 | [49, 1746, 161, 460]  | 2039604  | [552]           |
+-----+-----------------------+----------+-----------------+
| 598 | [138, 436, 209, 658]  | 7468926  | [225]           |
+-----+-----------------------+----------+-----------------+
| 599 | [47, 783, 161, 983]   | 5745531  | [945]           |
+-----+-----------------------+----------+-----------------+
| 600 | [75, 1035, 178, 711]  | 4612070  | [474]           |
+-----+-----------------------+----------+-----------------+
| 601 | [199, 714, 246, 472]  | 6014417  | [425]           |
+-----+-----------------------+----------+-----------------+
| 602 | [192, 90, 242, 719]   | 9483270  | [448]           |
+-----+-----------------------+----------+-----------------+
| 603 | [147, 1506, 219, 651] | 2855045  | [440]           |
+-----+-----------------------+----------+-----------------+
| 604 | [60, 84, 172, 943]    | 9814653  | [555]           |
+-----+-----------------------+----------+-----------------+
| 605 | [182, 1327, 239, 641] | 3584773  | [56]            |
+-----+-----------------------+----------+-----------------+
| 606 | [92, 577, 190, 946]   | 7035911  | [771]           |
+-----+-----------------------+----------+-----------------+
| 607 | [132, 2410, 214, 855] | 708356   | [387]           |
+-----+-----------------------+----------+-----------------+
| 608 | [101, 1739, 197, 457] | 2287876  | [154]           |
+-----+-----------------------+----------+-----------------+
| 609 | [28, 2345, 159, 724]  | 850535   | [95]            |
+-----+-----------------------+----------+-----------------+
| 610 | [166, 1419, 233, 982] | 3324516  | [943]           |
+-----+-----------------------+----------+-----------------+
| 611 | [105, 706, 200, 814]  | 6461727  | [924]           |
+-----+-----------------------+----------+-----------------+
| 612 | [16, 1595, 153, 679]  | 2430387  | [803]           |
+-----+-----------------------+----------+-----------------+
| 613 | [59, 211, 175, 971]   | 9301151  | [359]           |
+-----+-----------------------+----------+-----------------+
| 614 | [102, 1099, 199, 469] | 4719541  | [796]           |
+-----+-----------------------+----------+-----------------+
| 615 | [98, 740, 198, 530]   | 6388446  | [25]            |
+-----+-----------------------+----------+-----------------+
| 616 | [152, 872, 228, 959]  | 5742567  | [26]            |
+-----+-----------------------+----------+-----------------+
| 617 | [114, 2282, 209, 495] | 1068563  | [334]           |
+-----+-----------------------+----------+-----------------+
| 618 | [16, 2269, 157, 876]  | 795589   | [855]           |
+-----+-----------------------+----------+-----------------+
| 619 | [157, 1557, 233, 962] | 3087221  | [716]           |
+-----+-----------------------+----------+-----------------+
| 620 | [138, 1657, 225, 794] | 2770636  | [404]           |
+-----+-----------------------+----------+-----------------+
| 621 | [78, 1946, 194, 627]  | 1978810  | [719]           |
+-----+-----------------------+----------+-----------------+
| 622 | [121, 566, 216, 783]  | 7554253  | [610]           |
+-----+-----------------------+----------+-----------------+
| 623 | [44, 932, 175, 519]   | 5578993  | [604]           |
+-----+-----------------------+----------+-----------------+
| 624 | [165, 1411, 241, 778] | 3668354  | [507]           |
+-----+-----------------------+----------+-----------------+
| 625 | [82, 779, 196, 548]   | 6592668  | [123]           |
+-----+-----------------------+----------+-----------------+
| 626 | [141, 2038, 230, 898] | 1746816  | [815]           |
+-----+-----------------------+----------+-----------------+
| 627 | [20, 326, 164, 653]   | 8767888  | [113]           |
+-----+-----------------------+----------+-----------------+
| 628 | [161, 1337, 241, 907] | 4044436  | [289]           |
+-----+-----------------------+----------+-----------------+
| 629 | [131, 1267, 225, 572] | 4358554  | [430]           |
+-----+-----------------------+----------+-----------------+
| 630 | [39, 400, 175, 907]   | 8737104  | [177]           |
+-----+-----------------------+----------+-----------------+
| 631 | [133, 224, 226, 935]  | 9735883  | [245]           |
+-----+-----------------------+----------+-----------------+
| 632 | [104, 1656, 212, 966] | 2960235  | [744]           |
+-----+-----------------------+----------+-----------------+
| 633 | [161, 729, 243, 983]  | 6904425  | [831]           |
+-----+-----------------------+----------+-----------------+
| 634 | [103, 990, 212, 970]  | 5732556  | [832]           |
+-----+-----------------------+----------+-----------------+
| 635 | [21, 1127, 168, 558]  | 5015223  | [972]           |
+-----+-----------------------+----------+-----------------+
| 636 | [90, 203, 205, 856]   | 10042671 | [98]            |
+-----+-----------------------+----------+-----------------+
| 637 | [13, 1565, 165, 540]  | 3373446  | [636]           |
+-----+-----------------------+----------+-----------------+
| 638 | [141, 16, 234, 867]   | 11310466 | [821]           |
+-----+-----------------------+----------+-----------------+
| 639 | [91, 651, 208, 964]   | 7519750  | [869]           |
+-----+-----------------------+----------+-----------------+
| 640 | [12, 100, 166, 917]   | 10962818 | [99]            |
+-----+-----------------------+----------+-----------------+
| 641 | [125, 2234, 229, 978] | 1379301  | [390]           |
+-----+-----------------------+----------+-----------------+
| 642 | [28, 1293, 176, 993]  | 4527305  | [476]           |
+-----+-----------------------+----------+-----------------+
| 643 | [163, 762, 249, 566]  | 7012720  | [462]           |
+-----+-----------------------+----------+-----------------+
| 644 | [83, 1473, 207, 729]  | 3786947  | [871]           |
+-----+-----------------------+----------+-----------------+
| 645 | [101, 216, 216, 646]  | 10284996 | [345]           |
+-----+-----------------------+----------+-----------------+
| 646 | [143, 2326, 241, 628] | 1248436  | [212]           |
+-----+-----------------------+----------+-----------------+
| 647 | [85, 1127, 211, 774]  | 5327384  | [236]           |
+-----+-----------------------+----------+-----------------+
| 648 | [13, 287, 172, 498]   | 9853701  | [273]           |
+-----+-----------------------+----------+-----------------+
| 649 | [81, 22, 211, 724]    | 11713514 | [243]           |
+-----+-----------------------+----------+-----------------+
| 650 | [78, 1791, 211, 893]  | 2785648  | [512]           |
+-----+-----------------------+----------+-----------------+
| 651 | [143, 363, 245, 994]  | 9508625  | [484]           |
+-----+-----------------------+----------+-----------------+
| 652 | [19, 1440, 182, 551]  | 3960936  | [917]           |
+-----+-----------------------+----------+-----------------+
| 653 | [10, 2083, 178, 747]  | 1955831  | [540]           |
+-----+-----------------------+----------+-----------------+
| 654 | [21, 778, 183, 769]   | 7265696  | [481]           |
+-----+-----------------------+----------+-----------------+
| 655 | [19, 2383, 186, 804]  | 1229958  | [659]           |
+-----+-----------------------+----------+-----------------+
| 656 | [38, 1968, 196, 677]  | 2338271  | [535]           |
+-----+-----------------------+----------+-----------------+
| 657 | [59, 1951, 208, 778]  | 2390310  | [522]           |
+-----+-----------------------+----------+-----------------+
| 658 | [28, 971, 191, 517]   | 6380423  | [274]           |
+-----+-----------------------+----------+-----------------+
| 659 | [42, 150, 198, 611]   | 11164211 | [698]           |
+-----+-----------------------+----------+-----------------+
| 660 | [49, 2122, 204, 851]  | 1892163  | [200]           |
+-----+-----------------------+----------+-----------------+
| 661 | [18, 300, 187, 816]   | 10234241 | [290]           |
+-----+-----------------------+----------+-----------------+
| 662 | [81, 1994, 224, 667]  | 2305849  | [370]           |
+-----+-----------------------+----------+-----------------+
| 663 | [73, 684, 219, 527]   | 8041357  | [583]           |
+-----+-----------------------+----------+-----------------+
| 664 | [26, 63, 194, 874]    | 12065693 | [429]           |
+-----+-----------------------+----------+-----------------+
| 665 | [65, 2415, 217, 520]  | 1262511  | [918]           |
+-----+-----------------------+----------+-----------------+
| 666 | [25, 687, 195, 620]   | 8165595  | [421]           |
+-----+-----------------------+----------+-----------------+
| 667 | [82, 813, 226, 697]   | 7452047  | [79]            |
+-----+-----------------------+----------+-----------------+
| 668 | [50, 1566, 210, 852]  | 3992377  | [493]           |
+-----+-----------------------+----------+-----------------+
| 669 | [47, 2134, 209, 777]  | 2062201  | [21]            |
+-----+-----------------------+----------+-----------------+
| 670 | [42, 1702, 209, 899]  | 3507373  | [620]           |
+-----+-----------------------+----------+-----------------+
| 671 | [28, 1056, 201, 989]  | 6334876  | [750]           |
+-----+-----------------------+----------+-----------------+
| 672 | [100, 2012, 241, 860] | 2442717  | [65]            |
+-----+-----------------------+----------+-----------------+
| 673 | [56, 1214, 218, 692]  | 5579656  | [585]           |
+-----+-----------------------+----------+-----------------+
| 674 | [68, 599, 224, 860]   | 8783410  | [496]           |
+-----+-----------------------+----------+-----------------+
| 675 | [46, 2190, 214, 728]  | 1930158  | [611]           |
+-----+-----------------------+----------+-----------------+
| 676 | [16, 1549, 199, 929]  | 4155585  | [105]           |
+-----+-----------------------+----------+-----------------+
| 677 | [36, 808, 211, 916]   | 7705988  | [57]            |
+-----+-----------------------+----------+-----------------+
| 678 | [22, 76, 203, 588]    | 12311996 | [875]           |
+-----+-----------------------+----------+-----------------+
| 679 | [61, 1190, 228, 821]  | 5818840  | [557]           |
+-----+-----------------------+----------+-----------------+
| 680 | [72, 556, 234, 856]   | 9214310  | [633]           |
+-----+-----------------------+----------+-----------------+
| 681 | [27, 1808, 215, 854]  | 3211119  | [856]           |
+-----+-----------------------+----------+-----------------+
| 682 | [62, 77, 235, 807]    | 12403135 | [872]           |
+-----+-----------------------+----------+-----------------+
| 683 | [69, 757, 240, 523]   | 8096081  | [899]           |
+-----+-----------------------+----------+-----------------+
| 684 | [75, 835, 245, 967]   | 7730163  | [313]           |
+-----+-----------------------+----------+-----------------+
| 685 | [67, 1077, 241, 775]  | 6508899  | [614]           |
+-----+-----------------------+----------+-----------------+
| 686 | [70, 330, 242, 883]   | 10770494 | [184]           |
+-----+-----------------------+----------+-----------------+
| 687 | [65, 585, 243, 829]   | 9284134  | [528]           |
+-----+-----------------------+----------+-----------------+
| 688 | [15, 1309, 217, 831]  | 5433879  | [810]           |
+-----+-----------------------+----------+-----------------+
| 689 | [75, 302, 249, 647]   | 11203174 | [574]           |
+-----+-----------------------+----------+-----------------+
| 690 | [55, 1651, 240, 765]  | 4057850  | [994]           |
+-----+-----------------------+----------+-----------------+
| 691 | [41, 1606, 235, 837]  | 4254417  | [669]           |
+-----+-----------------------+----------+-----------------+
| 692 | [43, 664, 236, 905]   | 9042176  | [997]           |
+-----+-----------------------+----------+-----------------+
| 693 | [37, 1256, 240, 957]  | 5911156  | [44]            |
+-----+-----------------------+----------+-----------------+
| 694 | [47, 1750, 250, 470]  | 3755999  | [706]           |
+-----+-----------------------+----------+-----------------+
| 695 | [25, 1215, 238, 700]  | 6147528  | [586]           |
+-----+-----------------------+----------+-----------------+
| 696 | [10, 1239, 230, 841]  | 6057699  | [895]           |
+-----+-----------------------+----------+-----------------+
| 697 | [16, 2264, 235, 965]  | 2094729  | [283]           |
+-----+-----------------------+----------+-----------------+
| 698 | [16, 348, 234, 892]   | 11106572 | [898]           |
+-----+-----------------------+----------+-----------------+
| 699 | [17, 1476, 246, 747]  | 4993394  | [343]           |
+-----+-----------------------+----------+-----------------+

Total OF: 978928217
Runtime: 1
latencies: 0.0990411 - 0.643016%
filter  : 0.567201 - 3.6825%
search  : 14.7359 - 95.6715%
--------------Times execs----------------
    0: 15.4026
 mean: 15.4026
   sd: 0

First ignored:

 mean: 0
   sd: 0

----------------------
