Number of jobs: 700

+-----+-----------------------+----------+-----------------+
| Job | [Jr,Jb,Jl,Jo]         | OF       | Allocated nodes |
+-----+-----------------------+----------+-----------------+
| 0   | [348, 1250, 41, 564]  | 9805     | [779, 836]      |
+-----+-----------------------+----------+-----------------+
| 1   | [348, 2018, 43, 665]  | 62807    | [69]            |
+-----+-----------------------+----------+-----------------+
| 2   | [344, 2310, 44, 977]  | 12317    | [277]           |
+-----+-----------------------+----------+-----------------+
| 3   | [350, 1967, 47, 509]  | 5181     | [7, 322]        |
+-----+-----------------------+----------+-----------------+
| 4   | [334, 1360, 40, 538]  | 417      | [333]           |
+-----+-----------------------+----------+-----------------+
| 5   | [312, 1863, 31, 983]  | 27856    | [884]           |
+-----+-----------------------+----------+-----------------+
| 6   | [339, 2234, 46, 945]  | 92598    | [328]           |
+-----+-----------------------+----------+-----------------+
| 7   | [299, 1030, 31, 479]  | 1621     | [857]           |
+-----+-----------------------+----------+-----------------+
| 8   | [305, 1313, 36, 682]  | 4068     | [554]           |
+-----+-----------------------+----------+-----------------+
| 9   | [292, 1882, 30, 789]  | 28832    | [40]            |
+-----+-----------------------+----------+-----------------+
| 10  | [298, 214, 34, 704]   | 679596   | [353]           |
+-----+-----------------------+----------+-----------------+
| 11  | [327, 389, 50, 673]   | 45596    | [275]           |
+-----+-----------------------+----------+-----------------+
| 12  | [333, 265, 54, 539]   | 4878     | [513]           |
+-----+-----------------------+----------+-----------------+
| 13  | [343, 2012, 61, 732]  | 2409     | [156]           |
+-----+-----------------------+----------+-----------------+
| 14  | [303, 1449, 42, 624]  | 74544    | [939]           |
+-----+-----------------------+----------+-----------------+
| 15  | [283, 2011, 37, 740]  | 6416     | [487, 645]      |
+-----+-----------------------+----------+-----------------+
| 16  | [293, 744, 42, 882]   | 16732    | [534]           |
+-----+-----------------------+----------+-----------------+
| 17  | [325, 440, 59, 964]   | 4267     | [241]           |
+-----+-----------------------+----------+-----------------+
| 18  | [271, 2265, 34, 459]  | 126      | [372]           |
+-----+-----------------------+----------+-----------------+
| 19  | [321, 2493, 62, 521]  | 2690     | [172, 391]      |
+-----+-----------------------+----------+-----------------+
| 20  | [262, 2006, 30, 651]  | 432488   | [792]           |
+-----+-----------------------+----------+-----------------+
| 21  | [314, 1872, 58, 683]  | 25695    | [686, 823]      |
+-----+-----------------------+----------+-----------------+
| 22  | [344, 1601, 74, 674]  | 2699     | [571]           |
+-----+-----------------------+----------+-----------------+
| 23  | [288, 1963, 46, 913]  | 376      | [479]           |
+-----+-----------------------+----------+-----------------+
| 24  | [297, 659, 51, 829]   | 78631    | [621]           |
+-----+-----------------------+----------+-----------------+
| 25  | [342, 2111, 78, 935]  | 1916     | [238]           |
+-----+-----------------------+----------+-----------------+
| 26  | [275, 1685, 42, 924]  | 9905     | [127]           |
+-----+-----------------------+----------+-----------------+
| 27  | [338, 1159, 76, 958]  | 70       | [0, 251]        |
+-----+-----------------------+----------+-----------------+
| 28  | [339, 1601, 77, 687]  | 17980    | [48, 291]       |
+-----+-----------------------+----------+-----------------+
| 29  | [336, 1458, 76, 932]  | 8718     | [876]           |
+-----+-----------------------+----------+-----------------+
| 30  | [325, 1335, 71, 784]  | 4766     | [160]           |
+-----+-----------------------+----------+-----------------+
| 31  | [343, 1191, 81, 839]  | 2707     | [352]           |
+-----+-----------------------+----------+-----------------+
| 32  | [318, 1524, 70, 558]  | 2412     | [533]           |
+-----+-----------------------+----------+-----------------+
| 33  | [285, 1002, 54, 878]  | 6647     | [982]           |
+-----+-----------------------+----------+-----------------+
| 34  | [280, 1558, 52, 602]  | 63285    | [300, 602]      |
+-----+-----------------------+----------+-----------------+
| 35  | [240, 2090, 31, 510]  | 6788     | [303]           |
+-----+-----------------------+----------+-----------------+
| 36  | [330, 90, 78, 893]    | 1543     | [867]           |
+-----+-----------------------+----------+-----------------+
| 37  | [279, 1165, 52, 814]  | 4615     | [397]           |
+-----+-----------------------+----------+-----------------+
| 38  | [292, 1563, 60, 798]  | -4       | [953]           |
+-----+-----------------------+----------+-----------------+
| 39  | [339, 2374, 88, 472]  | 634      | [203, 240]      |
+-----+-----------------------+----------+-----------------+
| 40  | [241, 1640, 35, 808]  | 59653    | [261]           |
+-----+-----------------------+----------+-----------------+
| 41  | [332, 1443, 84, 789]  | 14587    | [254]           |
+-----+-----------------------+----------+-----------------+
| 42  | [331, 2468, 86, 767]  | 644      | [262, 301]      |
+-----+-----------------------+----------+-----------------+
| 43  | [284, 79, 59, 447]    | 1577     | [531]           |
+-----+-----------------------+----------+-----------------+
| 44  | [302, 1150, 70, 789]  | 2353     | [883]           |
+-----+-----------------------+----------+-----------------+
| 45  | [245, 2300, 42, 648]  | 78526    | [63]            |
+-----+-----------------------+----------+-----------------+
| 46  | [273, 697, 57, 578]   | 16037    | [709]           |
+-----+-----------------------+----------+-----------------+
| 47  | [335, 1807, 92, 832]  | 279      | [547]           |
+-----+-----------------------+----------+-----------------+
| 48  | [235, 673, 38, 888]   | 46258    | [782]           |
+-----+-----------------------+----------+-----------------+
| 49  | [346, 2116, 99, 613]  | 4311     | [270]           |
+-----+-----------------------+----------+-----------------+
| 50  | [319, 1983, 85, 680]  | 8724     | [842]           |
+-----+-----------------------+----------+-----------------+
| 51  | [318, 2404, 85, 930]  | 165      | [157, 527]      |
+-----+-----------------------+----------+-----------------+
| 52  | [260, 1723, 58, 668]  | 1033     | [708, 834]      |
+-----+-----------------------+----------+-----------------+
| 53  | [227, 2087, 41, 835]  | 2191     | [197]           |
+-----+-----------------------+----------+-----------------+
| 54  | [331, 1489, 97, 577]  | 6838     | [84]            |
+-----+-----------------------+----------+-----------------+
| 55  | [275, 1364, 68, 763]  | 2365     | [692]           |
+-----+-----------------------+----------+-----------------+
| 56  | [211, 1747, 34, 576]  | 214358   | [410]           |
+-----+-----------------------+----------+-----------------+
| 57  | [272, 1626, 67, 809]  | 15521    | [723]           |
+-----+-----------------------+----------+-----------------+
| 58  | [261, 1531, 61, 769]  | 1747     | [969]           |
+-----+-----------------------+----------+-----------------+
| 59  | [324, 434, 97, 983]   | 10861    | [730]           |
+-----+-----------------------+----------+-----------------+
| 60  | [235, 810, 50, 748]   | 19741    | [382]           |
+-----+-----------------------+----------+-----------------+
| 61  | [307, 905, 89, 810]   | 4412     | [797]           |
+-----+-----------------------+----------+-----------------+
| 62  | [305, 2382, 90, 802]  | 879      | [339]           |
+-----+-----------------------+----------+-----------------+
| 63  | [339, 456, 107, 530]  | 7604     | [256]           |
+-----+-----------------------+----------+-----------------+
| 64  | [335, 1502, 106, 798] | 9006     | [906]           |
+-----+-----------------------+----------+-----------------+
| 65  | [327, 207, 102, 726]  | 1520     | [214]           |
+-----+-----------------------+----------+-----------------+
| 66  | [335, 791, 107, 517]  | 5449     | [780]           |
+-----+-----------------------+----------+-----------------+
| 67  | [269, 1150, 73, 564]  | 1946     | [213]           |
+-----+-----------------------+----------+-----------------+
| 68  | [321, 2197, 102, 970] | 345      | [104, 846]      |
+-----+-----------------------+----------+-----------------+
| 69  | [207, 1284, 40, 711]  | 59240    | [942]           |
+-----+-----------------------+----------+-----------------+
| 70  | [217, 540, 47, 630]   | 32953    | [544]           |
+-----+-----------------------+----------+-----------------+
| 71  | [292, 1101, 88, 549]  | 1417     | [653]           |
+-----+-----------------------+----------+-----------------+
| 72  | [347, 1162, 118, 638] | 877      | [432]           |
+-----+-----------------------+----------+-----------------+
| 73  | [303, 1563, 96, 681]  | 1105     | [8, 582]        |
+-----+-----------------------+----------+-----------------+
| 74  | [242, 986, 63, 824]   | 6192     | [15]            |
+-----+-----------------------+----------+-----------------+
| 75  | [285, 199, 86, 655]   | 7877     | [925]           |
+-----+-----------------------+----------+-----------------+
| 76  | [348, 921, 122, 898]  | 3366     | [27]            |
+-----+-----------------------+----------+-----------------+
| 77  | [266, 1656, 79, 464]  | 13673    | [627]           |
+-----+-----------------------+----------+-----------------+
| 78  | [282, 2143, 89, 627]  | 4535     | [102, 109]      |
+-----+-----------------------+----------+-----------------+
| 79  | [213, 2146, 52, 606]  | 1367     | [460]           |
+-----+-----------------------+----------+-----------------+
| 80  | [235, 2328, 64, 489]  | 6697     | [660, 971]      |
+-----+-----------------------+----------+-----------------+
| 81  | [241, 1744, 68, 632]  | 5605     | [369]           |
+-----+-----------------------+----------+-----------------+
| 82  | [198, 527, 44, 786]   | 19374    | [714]           |
+-----+-----------------------+----------+-----------------+
| 83  | [219, 1165, 56, 836]  | 5378     | [740]           |
+-----+-----------------------+----------+-----------------+
| 84  | [274, 2152, 88, 480]  | 9386     | [455]           |
+-----+-----------------------+----------+-----------------+
| 85  | [285, 1921, 94, 979]  | 356      | [949]           |
+-----+-----------------------+----------+-----------------+
| 86  | [200, 458, 47, 829]   | 480396   | [136]           |
+-----+-----------------------+----------+-----------------+
| 87  | [294, 611, 98, 474]   | 706      | [916]           |
+-----+-----------------------+----------+-----------------+
| 88  | [203, 2439, 51, 936]  | 3146     | [125]           |
+-----+-----------------------+----------+-----------------+
| 89  | [185, 1264, 41, 846]  | 47434    | [661]           |
+-----+-----------------------+----------+-----------------+
| 90  | [179, 1021, 38, 533]  | 3870     | [263]           |
+-----+-----------------------+----------+-----------------+
| 91  | [174, 313, 35, 896]   | 111902   | [572]           |
+-----+-----------------------+----------+-----------------+
| 92  | [261, 1542, 83, 635]  | 5801     | [503, 550]      |
+-----+-----------------------+----------+-----------------+
| 93  | [213, 225, 58, 924]   | 45519    | [912]           |
+-----+-----------------------+----------+-----------------+
| 94  | [327, 1288, 121, 956] | 1036     | [812]           |
+-----+-----------------------+----------+-----------------+
| 95  | [240, 1621, 75, 879]  | 200      | [721]           |
+-----+-----------------------+----------+-----------------+
| 96  | [178, 475, 41, 617]   | 158076   | [499]           |
+-----+-----------------------+----------+-----------------+
| 97  | [204, 1898, 58, 501]  | 6869     | [140]           |
+-----+-----------------------+----------+-----------------+
| 98  | [169, 2464, 40, 788]  | 3410     | [973]           |
+-----+-----------------------+----------+-----------------+
| 99  | [252, 1324, 84, 523]  | 5325     | [546]           |
+-----+-----------------------+----------+-----------------+
| 100 | [285, 1446, 102, 550] | 3912     | [348]           |
+-----+-----------------------+----------+-----------------+
| 101 | [229, 915, 72, 593]   | 5091     | [749]           |
+-----+-----------------------+----------+-----------------+
| 102 | [176, 2359, 46, 594]  | 10324    | [158, 877]      |
+-----+-----------------------+----------+-----------------+
| 103 | [320, 827, 123, 788]  | 13169    | [519]           |
+-----+-----------------------+----------+-----------------+
| 104 | [213, 2136, 67, 642]  | 4716     | [47, 166]       |
+-----+-----------------------+----------+-----------------+
| 105 | [204, 1731, 63, 550]  | 19208    | [639, 888]      |
+-----+-----------------------+----------+-----------------+
| 106 | [186, 1276, 53, 488]  | 15463    | [201]           |
+-----+-----------------------+----------+-----------------+
| 107 | [176, 973, 48, 788]   | 1240     | [702]           |
+-----+-----------------------+----------+-----------------+
| 108 | [213, 2227, 69, 593]  | 2452     | [946]           |
+-----+-----------------------+----------+-----------------+
| 109 | [280, 167, 104, 979]  | 6278     | [791]           |
+-----+-----------------------+----------+-----------------+
| 110 | [322, 482, 128, 448]  | 13113    | [851]           |
+-----+-----------------------+----------+-----------------+
| 111 | [143, 680, 32, 601]   | 159486   | [839]           |
+-----+-----------------------+----------+-----------------+
| 112 | [232, 534, 81, 698]   | 5596     | [258]           |
+-----+-----------------------+----------+-----------------+
| 113 | [186, 1358, 57, 615]  | 8236     | [178, 446]      |
+-----+-----------------------+----------+-----------------+
| 114 | [281, 2070, 109, 621] | 6395     | [691]           |
+-----+-----------------------+----------+-----------------+
| 115 | [246, 1642, 90, 643]  | 263      | [1, 919]        |
+-----+-----------------------+----------+-----------------+
| 116 | [319, 1757, 130, 551] | 80       | [23, 470, 502]  |
+-----+-----------------------+----------+-----------------+
| 117 | [334, 439, 137, 928]  | 1406     | [128, 506]      |
+-----+-----------------------+----------+-----------------+
| 118 | [330, 126, 135, 633]  | 1438     | [731]           |
+-----+-----------------------+----------+-----------------+
| 119 | [153, 825, 41, 858]   | 4758     | [149]           |
+-----+-----------------------+----------+-----------------+
| 120 | [264, 2160, 102, 483] | 179      | [431, 570]      |
+-----+-----------------------+----------+-----------------+
| 121 | [308, 63, 124, 611]   | 11277    | [137]           |
+-----+-----------------------+----------+-----------------+
| 122 | [215, 1220, 75, 966]  | 900      | [17]            |
+-----+-----------------------+----------+-----------------+
| 123 | [272, 1350, 106, 631] | 9253     | [424]           |
+-----+-----------------------+----------+-----------------+
| 124 | [239, 127, 88, 897]   | 4056     | [850]           |
+-----+-----------------------+----------+-----------------+
| 125 | [278, 1996, 111, 586] | 681      | [395, 414]      |
+-----+-----------------------+----------+-----------------+
| 126 | [276, 704, 109, 971]  | 3463     | [219, 232]      |
+-----+-----------------------+----------+-----------------+
| 127 | [193, 266, 64, 597]   | 15831    | [122]           |
+-----+-----------------------+----------+-----------------+
| 128 | [270, 1996, 107, 519] | 1429     | [284, 679, 687] |
+-----+-----------------------+----------+-----------------+
| 129 | [298, 54, 121, 880]   | 14971    | [657]           |
+-----+-----------------------+----------+-----------------+
| 130 | [346, 2337, 149, 630] | 18       | [735, 741, 840] |
+-----+-----------------------+----------+-----------------+
| 131 | [296, 1141, 123, 489] | 70       | [593, 603]      |
+-----+-----------------------+----------+-----------------+
| 132 | [229, 1160, 87, 905]  | 2507     | [110]           |
+-----+-----------------------+----------+-----------------+
| 133 | [308, 2179, 131, 821] | 217      | [24, 755]       |
+-----+-----------------------+----------+-----------------+
| 134 | [303, 1704, 128, 526] | 1163     | [344, 458]      |
+-----+-----------------------+----------+-----------------+
| 135 | [202, 2084, 74, 648]  | 633      | [862]           |
+-----+-----------------------+----------+-----------------+
| 136 | [180, 1204, 62, 456]  | 17501    | [989]           |
+-----+-----------------------+----------+-----------------+
| 137 | [303, 1729, 129, 566] | 386      | [163, 185]      |
+-----+-----------------------+----------+-----------------+
| 138 | [326, 1173, 141, 912] | 952      | [228, 367]      |
+-----+-----------------------+----------+-----------------+
| 139 | [307, 853, 132, 854]  | 12097    | [443, 707]      |
+-----+-----------------------+----------+-----------------+
| 140 | [245, 2445, 100, 489] | 1846     | [260, 302]      |
+-----+-----------------------+----------+-----------------+
| 141 | [250, 160, 101, 646]  | 1333     | [541]           |
+-----+-----------------------+----------+-----------------+
| 142 | [231, 1263, 93, 559]  | 8974     | [132, 398]      |
+-----+-----------------------+----------+-----------------+
| 143 | [268, 574, 113, 776]  | 15781    | [816]           |
+-----+-----------------------+----------+-----------------+
| 144 | [244, 1625, 101, 552] | 1287     | [524, 658]      |
+-----+-----------------------+----------+-----------------+
| 145 | [263, 1213, 113, 446] | 2468     | [520]           |
+-----+-----------------------+----------+-----------------+
| 146 | [309, 2299, 139, 872] | 310      | [577]           |
+-----+-----------------------+----------+-----------------+
| 147 | [247, 2351, 106, 703] | 11150    | [737, 775]      |
+-----+-----------------------+----------+-----------------+
| 148 | [121, 2093, 38, 822]  | 47821    | [439]           |
+-----+-----------------------+----------+-----------------+
| 149 | [200, 2036, 81, 661]  | 3192     | [654]           |
+-----+-----------------------+----------+-----------------+
| 150 | [286, 309, 126, 862]  | 10458    | [936]           |
+-----+-----------------------+----------+-----------------+
| 151 | [268, 811, 117, 514]  | 3527     | [482, 594]      |
+-----+-----------------------+----------+-----------------+
| 152 | [229, 674, 96, 627]   | 3455     | [864]           |
+-----+-----------------------+----------+-----------------+
| 153 | [214, 678, 88, 728]   | 15903    | [932]           |
+-----+-----------------------+----------+-----------------+
| 154 | [284, 2104, 127, 801] | 1770     | [595, 845]      |
+-----+-----------------------+----------+-----------------+
| 155 | [195, 1792, 79, 510]  | 15370    | [955]           |
+-----+-----------------------+----------+-----------------+
| 156 | [193, 635, 77, 527]   | 11210    | [159]           |
+-----+-----------------------+----------+-----------------+
| 157 | [263, 415, 115, 705]  | 22505    | [272, 282]      |
+-----+-----------------------+----------+-----------------+
| 158 | [183, 1797, 74, 567]  | 12864    | [278, 690]      |
+-----+-----------------------+----------+-----------------+
| 159 | [271, 575, 121, 686]  | 23020    | [597]           |
+-----+-----------------------+----------+-----------------+
| 160 | [346, 1438, 163, 612] | 2581     | [349, 880]      |
+-----+-----------------------+----------+-----------------+
| 161 | [232, 577, 101, 868]  | 50851    | [901]           |
+-----+-----------------------+----------+-----------------+
| 162 | [291, 868, 134, 684]  | 14540    | [697]           |
+-----+-----------------------+----------+-----------------+
| 163 | [324, 2299, 153, 524] | 304      | [377, 822]      |
+-----+-----------------------+----------+-----------------+
| 164 | [317, 828, 148, 829]  | 23550    | [34]            |
+-----+-----------------------+----------+-----------------+
| 165 | [191, 1685, 81, 829]  | 1237     | [999]           |
+-----+-----------------------+----------+-----------------+
| 166 | [335, 1279, 159, 909] | 4707     | [905]           |
+-----+-----------------------+----------+-----------------+
| 167 | [289, 1864, 135, 833] | 981      | [167]           |
+-----+-----------------------+----------+-----------------+
| 168 | [332, 1075, 158, 625] | 1920     | [171]           |
+-----+-----------------------+----------+-----------------+
| 169 | [137, 2019, 54, 869]  | 86137    | [190]           |
+-----+-----------------------+----------+-----------------+
| 170 | [202, 1991, 90, 676]  | 9055     | [13]            |
+-----+-----------------------+----------+-----------------+
| 171 | [327, 307, 156, 902]  | 8356     | [35, 756]       |
+-----+-----------------------+----------+-----------------+
| 172 | [298, 1016, 141, 483] | 8376     | [204]           |
+-----+-----------------------+----------+-----------------+
| 173 | [93, 2151, 32, 643]   | 91936    | [31]            |
+-----+-----------------------+----------+-----------------+
| 174 | [180, 401, 78, 571]   | 15998    | [863]           |
+-----+-----------------------+----------+-----------------+
| 175 | [180, 212, 78, 777]   | 50651    | [70]            |
+-----+-----------------------+----------+-----------------+
| 176 | [310, 935, 149, 765]  | 3823     | [358]           |
+-----+-----------------------+----------+-----------------+
| 177 | [202, 636, 91, 732]   | 52627    | [223]           |
+-----+-----------------------+----------+-----------------+
| 178 | [111, 2118, 44, 826]  | 308      | [683]           |
+-----+-----------------------+----------+-----------------+
| 179 | [209, 1051, 96, 897]  | 7535     | [676]           |
+-----+-----------------------+----------+-----------------+
| 180 | [210, 927, 97, 497]   | 2069     | [46]            |
+-----+-----------------------+----------+-----------------+
| 181 | [99, 1280, 38, 977]   | 7586     | [788]           |
+-----+-----------------------+----------+-----------------+
| 182 | [151, 1080, 66, 474]  | 15934    | [299]           |
+-----+-----------------------+----------+-----------------+
| 183 | [242, 237, 115, 660]  | 77352    | [701]           |
+-----+-----------------------+----------+-----------------+
| 184 | [188, 1483, 87, 645]  | 1783     | [817]           |
+-----+-----------------------+----------+-----------------+
| 185 | [309, 2086, 153, 708] | 2109     | [5, 255]        |
+-----+-----------------------+----------+-----------------+
| 186 | [339, 1421, 169, 510] | 1992     | [389, 902]      |
+-----+-----------------------+----------+-----------------+
| 187 | [332, 1992, 166, 705] | 3101     | [781, 896]      |
+-----+-----------------------+----------+-----------------+
| 188 | [161, 2057, 74, 870]  | 8354     | [58]            |
+-----+-----------------------+----------+-----------------+
| 189 | [228, 721, 109, 670]  | 26446    | [450]           |
+-----+-----------------------+----------+-----------------+
| 190 | [171, 2067, 80, 561]  | 7584     | [564]           |
+-----+-----------------------+----------+-----------------+
| 191 | [158, 590, 73, 467]   | 4544     | [734]           |
+-----+-----------------------+----------+-----------------+
| 192 | [124, 2022, 56, 456]  | 333      | [600]           |
+-----+-----------------------+----------+-----------------+
| 193 | [305, 2406, 154, 965] | 702      | [308, 853, 988] |
+-----+-----------------------+----------+-----------------+
| 194 | [348, 2182, 177, 599] | 1670     | [825]           |
+-----+-----------------------+----------+-----------------+
| 195 | [306, 1685, 154, 893] | 5999     | [835]           |
+-----+-----------------------+----------+-----------------+
| 196 | [201, 1041, 97, 683]  | 52009    | [526]           |
+-----+-----------------------+----------+-----------------+
| 197 | [90, 450, 37, 833]    | 303404   | [828]           |
+-----+-----------------------+----------+-----------------+
| 198 | [124, 1916, 57, 482]  | 70642    | [485]           |
+-----+-----------------------+----------+-----------------+
| 199 | [138, 28, 63, 654]    | 87142    | [286]           |
+-----+-----------------------+----------+-----------------+
| 200 | [113, 564, 50, 986]   | 142702   | [294]           |
+-----+-----------------------+----------+-----------------+
| 201 | [205, 1435, 101, 573] | 45795    | [472]           |
+-----+-----------------------+----------+-----------------+
| 202 | [141, 1485, 68, 452]  | 127351   | [452]           |
+-----+-----------------------+----------+-----------------+
| 203 | [119, 787, 56, 545]   | 62495    | [625]           |
+-----+-----------------------+----------+-----------------+
| 204 | [116, 1505, 56, 575]  | 6035     | [799]           |
+-----+-----------------------+----------+-----------------+
| 205 | [68, 1307, 30, 503]   | 182456   | [879]           |
+-----+-----------------------+----------+-----------------+
| 206 | [118, 701, 57, 858]   | 92020    | [411]           |
+-----+-----------------------+----------+-----------------+
| 207 | [138, 927, 69, 591]   | 47198    | [215]           |
+-----+-----------------------+----------+-----------------+
| 208 | [265, 263, 137, 723]  | 61869    | [371]           |
+-----+-----------------------+----------+-----------------+
| 209 | [212, 1988, 110, 953] | 11268    | [131]           |
+-----+-----------------------+----------+-----------------+
| 210 | [135, 2261, 69, 499]  | 11683    | [330]           |
+-----+-----------------------+----------+-----------------+
| 211 | [122, 2043, 62, 679]  | 36361    | [878]           |
+-----+-----------------------+----------+-----------------+
| 212 | [327, 2245, 173, 846] | 79       | [960, 995]      |
+-----+-----------------------+----------+-----------------+
| 213 | [165, 1968, 87, 532]  | 84309    | [970]           |
+-----+-----------------------+----------+-----------------+
| 214 | [223, 1580, 118, 529] | 16410    | [911]           |
+-----+-----------------------+----------+-----------------+
| 215 | [131, 2121, 69, 732]  | 10605    | [543]           |
+-----+-----------------------+----------+-----------------+
| 216 | [216, 1517, 115, 798] | 59124    | [553]           |
+-----+-----------------------+----------+-----------------+
| 217 | [64, 96, 33, 708]     | 128529   | [887]           |
+-----+-----------------------+----------+-----------------+
| 218 | [233, 1090, 125, 449] | 33682    | [451]           |
+-----+-----------------------+----------+-----------------+
| 219 | [283, 2296, 153, 641] | 16089    | [682]           |
+-----+-----------------------+----------+-----------------+
| 220 | [57, 623, 30, 580]    | 280058   | [923]           |
+-----+-----------------------+----------+-----------------+
| 221 | [208, 2365, 113, 893] | 27125    | [191]           |
+-----+-----------------------+----------+-----------------+
| 222 | [208, 2268, 113, 745] | 41685    | [388, 483]      |
+-----+-----------------------+----------+-----------------+
| 223 | [324, 2268, 176, 837] | 21971    | [907]           |
+-----+-----------------------+----------+-----------------+
| 224 | [188, 2485, 103, 853] | 277      | [269, 838]      |
+-----+-----------------------+----------+-----------------+
| 225 | [300, 765, 162, 481]  | 37819    | [770]           |
+-----+-----------------------+----------+-----------------+
| 226 | [123, 1030, 67, 883]  | 42835    | [712]           |
+-----+-----------------------+----------+-----------------+
| 227 | [206, 1240, 112, 622] | 49952    | [336]           |
+-----+-----------------------+----------+-----------------+
| 228 | [269, 2283, 147, 602] | 41025    | [86]            |
+-----+-----------------------+----------+-----------------+
| 229 | [349, 1867, 191, 731] | 9325     | [984]           |
+-----+-----------------------+----------+-----------------+
| 230 | [181, 2247, 101, 527] | 39970    | [416]           |
+-----+-----------------------+----------+-----------------+
| 231 | [142, 911, 79, 794]   | 87321    | [820]           |
+-----+-----------------------+----------+-----------------+
| 232 | [326, 127, 178, 556]  | 17533    | [311]           |
+-----+-----------------------+----------+-----------------+
| 233 | [107, 1160, 61, 814]  | 15021    | [264]           |
+-----+-----------------------+----------+-----------------+
| 234 | [133, 1071, 75, 777]  | 75150    | [402]           |
+-----+-----------------------+----------+-----------------+
| 235 | [51, 1039, 31, 467]   | 211902   | [466]           |
+-----+-----------------------+----------+-----------------+
| 236 | [264, 1895, 147, 746] | 4705     | [927]           |
+-----+-----------------------+----------+-----------------+
| 237 | [60, 2287, 38, 962]   | 39668    | [473]           |
+-----+-----------------------+----------+-----------------+
| 238 | [90, 1897, 54, 563]   | 178425   | [221]           |
+-----+-----------------------+----------+-----------------+
| 239 | [178, 743, 101, 471]  | 74674    | [592]           |
+-----+-----------------------+----------+-----------------+
| 240 | [50, 1609, 33, 661]   | 234377   | [327]           |
+-----+-----------------------+----------+-----------------+
| 241 | [58, 1789, 38, 771]   | 154685   | [16]            |
+-----+-----------------------+----------+-----------------+
| 242 | [99, 2498, 61, 580]   | 4154     | [629]           |
+-----+-----------------------+----------+-----------------+
| 243 | [255, 2450, 145, 491] | 6030     | [475, 937]      |
+-----+-----------------------+----------+-----------------+
| 244 | [106, 1482, 64, 832]  | 114080   | [396]           |
+-----+-----------------------+----------+-----------------+
| 245 | [226, 95, 128, 544]   | 63959    | [118]           |
+-----+-----------------------+----------+-----------------+
| 246 | [298, 746, 168, 778]  | 48862    | [751]           |
+-----+-----------------------+----------+-----------------+
| 247 | [107, 299, 65, 543]   | 143353   | [589]           |
+-----+-----------------------+----------+-----------------+
| 248 | [321, 2090, 182, 457] | 17304    | [198]           |
+-----+-----------------------+----------+-----------------+
| 249 | [170, 15, 99, 809]    | 81709    | [3]             |
+-----+-----------------------+----------+-----------------+
| 250 | [185, 1784, 109, 868] | 64031    | [764]           |
+-----+-----------------------+----------+-----------------+
| 251 | [295, 338, 167, 951]  | 44905    | [491]           |
+-----+-----------------------+----------+-----------------+
| 252 | [291, 1579, 166, 752] | 37448    | [66]            |
+-----+-----------------------+----------+-----------------+
| 253 | [339, 913, 192, 699]  | 12391    | [833]           |
+-----+-----------------------+----------+-----------------+
| 254 | [206, 1181, 121, 900] | 44552    | [161]           |
+-----+-----------------------+----------+-----------------+
| 255 | [54, 836, 39, 546]    | 1078959  | [176]           |
+-----+-----------------------+----------+-----------------+
| 256 | [109, 1738, 70, 773]  | 26309    | [814]           |
+-----+-----------------------+----------+-----------------+
| 257 | [200, 661, 119, 978]  | 113822   | [746]           |
+-----+-----------------------+----------+-----------------+
| 258 | [344, 933, 197, 556]  | 29103    | [704]           |
+-----+-----------------------+----------+-----------------+
| 259 | [115, 2400, 75, 672]  | 11022    | [859]           |
+-----+-----------------------+----------+-----------------+
| 260 | [332, 1283, 191, 490] | 31919    | [545]           |
+-----+-----------------------+----------+-----------------+
| 261 | [331, 322, 190, 804]  | 42788    | [488]           |
+-----+-----------------------+----------+-----------------+
| 262 | [108, 346, 71, 632]   | 178538   | [551]           |
+-----+-----------------------+----------+-----------------+
| 263 | [47, 1292, 39, 882]   | 297524   | [456]           |
+-----+-----------------------+----------+-----------------+
| 264 | [282, 1577, 166, 928] | 51094    | [655]           |
+-----+-----------------------+----------+-----------------+
| 265 | [124, 411, 80, 865]   | 170374   | [329]           |
+-----+-----------------------+----------+-----------------+
| 266 | [347, 1376, 201, 958] | 24764    | [457]           |
+-----+-----------------------+----------+-----------------+
| 267 | [105, 495, 70, 699]   | 180701   | [304]           |
+-----+-----------------------+----------+-----------------+
| 268 | [177, 532, 109, 467]  | 171733   | [135]           |
+-----+-----------------------+----------+-----------------+
| 269 | [157, 173, 98, 697]   | 89990    | [362]           |
+-----+-----------------------+----------+-----------------+
| 270 | [292, 212, 171, 879]  | 72882    | [43]            |
+-----+-----------------------+----------+-----------------+
| 271 | [220, 925, 133, 675]  | 66993    | [150]           |
+-----+-----------------------+----------+-----------------+
| 272 | [269, 131, 159, 687]  | 42816    | [722]           |
+-----+-----------------------+----------+-----------------+
| 273 | [231, 1827, 140, 882] | 43664    | [325]           |
+-----+-----------------------+----------+-----------------+
| 274 | [210, 2095, 129, 542] | 41423    | [97]            |
+-----+-----------------------+----------+-----------------+
| 275 | [324, 314, 189, 693]  | 57091    | [88]            |
+-----+-----------------------+----------+-----------------+
| 276 | [92, 2460, 66, 651]   | 13917    | [642]           |
+-----+-----------------------+----------+-----------------+
| 277 | [117, 1195, 79, 640]  | 136312   | [293]           |
+-----+-----------------------+----------+-----------------+
| 278 | [295, 1323, 175, 840] | 43212    | [785]           |
+-----+-----------------------+----------+-----------------+
| 279 | [260, 1842, 157, 780] | 52437    | [124, 622]      |
+-----+-----------------------+----------+-----------------+
| 280 | [58, 2272, 49, 615]   | 12552    | [417]           |
+-----+-----------------------+----------+-----------------+
| 281 | [98, 939, 70, 892]    | 138121   | [727]           |
+-----+-----------------------+----------+-----------------+
| 282 | [49, 2287, 45, 544]   | 7473     | [599]           |
+-----+-----------------------+----------+-----------------+
| 283 | [263, 2026, 160, 733] | 52363    | [944]           |
+-----+-----------------------+----------+-----------------+
| 284 | [44, 1551, 42, 689]   | 346033   | [285]           |
+-----+-----------------------+----------+-----------------+
| 285 | [211, 1967, 133, 538] | 83049    | [858]           |
+-----+-----------------------+----------+-----------------+
| 286 | [166, 1799, 109, 486] | 116455   | [607]           |
+-----+-----------------------+----------+-----------------+
| 287 | [45, 315, 43, 718]    | 349359   | [195]           |
+-----+-----------------------+----------+-----------------+
| 288 | [206, 1449, 131, 616] | 67499    | [326]           |
+-----+-----------------------+----------+-----------------+
| 289 | [197, 1094, 126, 462] | 55208    | [793]           |
+-----+-----------------------+----------+-----------------+
| 290 | [288, 1060, 175, 534] | 39495    | [230]           |
+-----+-----------------------+----------+-----------------+
| 291 | [339, 1618, 203, 632] | 30135    | [967]           |
+-----+-----------------------+----------+-----------------+
| 292 | [31, 826, 37, 917]    | 296743   | [672]           |
+-----+-----------------------+----------+-----------------+
| 293 | [320, 2309, 194, 558] | 25461    | [74]            |
+-----+-----------------------+----------+-----------------+
| 294 | [124, 483, 87, 991]   | 233474   | [146]           |
+-----+-----------------------+----------+-----------------+
| 295 | [334, 243, 200, 990]  | 61513    | [996]           |
+-----+-----------------------+----------+-----------------+
| 296 | [303, 1403, 185, 839] | 49337    | [217]           |
+-----+-----------------------+----------+-----------------+
| 297 | [231, 2040, 147, 637] | 58105    | [297]           |
+-----+-----------------------+----------+-----------------+
| 298 | [72, 1813, 63, 616]   | 134739   | [618]           |
+-----+-----------------------+----------+-----------------+
| 299 | [69, 1013, 61, 628]   | 191996   | [767]           |
+-----+-----------------------+----------+-----------------+
| 300 | [301, 2089, 187, 617] | 41193    | [903]           |
+-----+-----------------------+----------+-----------------+
| 301 | [71, 625, 62, 975]    | 237451   | [315]           |
+-----+-----------------------+----------+-----------------+
| 302 | [171, 1810, 117, 651] | 132868   | [696]           |
+-----+-----------------------+----------+-----------------+
| 303 | [112, 2463, 86, 722]  | 5484     | [407]           |
+-----+-----------------------+----------+-----------------+
| 304 | [304, 1927, 190, 988] | 50732    | [246]           |
+-----+-----------------------+----------+-----------------+
| 305 | [76, 949, 67, 982]    | 216384   | [67]            |
+-----+-----------------------+----------+-----------------+
| 306 | [28, 694, 41, 932]    | 284971   | [575]           |
+-----+-----------------------+----------+-----------------+
| 307 | [254, 384, 163, 915]  | 87327    | [94]            |
+-----+-----------------------+----------+-----------------+
| 308 | [298, 1802, 188, 824] | 68061    | [309]           |
+-----+-----------------------+----------+-----------------+
| 309 | [341, 287, 210, 944]  | 88406    | [83]            |
+-----+-----------------------+----------+-----------------+
| 310 | [46, 37, 51, 658]     | 245535   | [265]           |
+-----+-----------------------+----------+-----------------+
| 311 | [306, 1131, 192, 531] | 57622    | [733]           |
+-----+-----------------------+----------+-----------------+
| 312 | [56, 1791, 58, 917]   | 172226   | [356]           |
+-----+-----------------------+----------+-----------------+
| 313 | [18, 1130, 37, 637]   | 437921   | [341]           |
+-----+-----------------------+----------+-----------------+
| 314 | [173, 581, 120, 445]  | 192027   | [954]           |
+-----+-----------------------+----------+-----------------+
| 315 | [144, 906, 105, 887]  | 172888   | [9]             |
+-----+-----------------------+----------+-----------------+
| 316 | [345, 1500, 214, 617] | 55637    | [717]           |
+-----+-----------------------+----------+-----------------+
| 317 | [303, 2178, 192, 710] | 61027    | [985]           |
+-----+-----------------------+----------+-----------------+
| 318 | [17, 1677, 38, 815]   | 309809   | [249]           |
+-----+-----------------------+----------+-----------------+
| 319 | [80, 205, 71, 468]    | 261204   | [492]           |
+-----+-----------------------+----------+-----------------+
| 320 | [39, 71, 49, 935]     | 259240   | [199]           |
+-----+-----------------------+----------+-----------------+
| 321 | [240, 611, 158, 641]  | 137554   | [477]           |
+-----+-----------------------+----------+-----------------+
| 322 | [237, 1153, 157, 603] | 91914    | [222]           |
+-----+-----------------------+----------+-----------------+
| 323 | [165, 1709, 119, 903] | 117834   | [829]           |
+-----+-----------------------+----------+-----------------+
| 324 | [200, 539, 138, 626]  | 183107   | [386]           |
+-----+-----------------------+----------+-----------------+
| 325 | [285, 1990, 185, 714] | 49061    | [106]           |
+-----+-----------------------+----------+-----------------+
| 326 | [186, 1893, 132, 748] | 121785   | [366, 569]      |
+-----+-----------------------+----------+-----------------+
| 327 | [29, 1073, 47, 892]   | 305009   | [174]           |
+-----+-----------------------+----------+-----------------+
| 328 | [141, 2279, 109, 945] | 77780    | [561]           |
+-----+-----------------------+----------+-----------------+
| 329 | [44, 122, 55, 988]    | 330129   | [913]           |
+-----+-----------------------+----------+-----------------+
| 330 | [318, 552, 203, 699]  | 108590   | [33]            |
+-----+-----------------------+----------+-----------------+
| 331 | [263, 1804, 175, 703] | 93027    | [145]           |
+-----+-----------------------+----------+-----------------+
| 332 | [23, 2251, 47, 523]   | 220      | [103]           |
+-----+-----------------------+----------+-----------------+
| 333 | [67, 777, 70, 652]    | 230967   | [703]           |
+-----+-----------------------+----------+-----------------+
| 334 | [180, 944, 131, 800]  | 151809   | [990]           |
+-----+-----------------------+----------+-----------------+
| 335 | [117, 1804, 98, 928]  | 201883   | [480, 711]      |
+-----+-----------------------+----------+-----------------+
| 336 | [111, 1717, 96, 917]  | 225796   | [434, 786]      |
+-----+-----------------------+----------+-----------------+
| 337 | [222, 1396, 156, 679] | 137832   | [748]           |
+-----+-----------------------+----------+-----------------+
| 338 | [110, 2423, 97, 642]  | 907      | [438]           |
+-----+-----------------------+----------+-----------------+
| 339 | [202, 366, 145, 802]  | 193113   | [666]           |
+-----+-----------------------+----------+-----------------+
| 340 | [271, 2468, 184, 463] | 15729    | [710]           |
+-----+-----------------------+----------+-----------------+
| 341 | [103, 1592, 94, 530]  | 178934   | [671]           |
+-----+-----------------------+----------+-----------------+
| 342 | [40, 912, 60, 605]    | 296089   | [849]           |
+-----+-----------------------+----------+-----------------+
| 343 | [171, 97, 130, 991]   | 221467   | [890]           |
+-----+-----------------------+----------+-----------------+
| 344 | [48, 2354, 66, 504]   | 3675     | [400]           |
+-----+-----------------------+----------+-----------------+
| 345 | [245, 994, 171, 837]  | 115237   | [882]           |
+-----+-----------------------+----------+-----------------+
| 346 | [101, 2481, 95, 701]  | 9611     | [765]           |
+-----+-----------------------+----------+-----------------+
| 347 | [300, 103, 201, 465]  | 131747   | [250]           |
+-----+-----------------------+----------+-----------------+
| 348 | [87, 741, 87, 665]    | 248656   | [800]           |
+-----+-----------------------+----------+-----------------+
| 349 | [38, 1156, 61, 446]   | 182884   | [802]           |
+-----+-----------------------+----------+-----------------+
| 350 | [70, 584, 78, 767]    | 303905   | [514]           |
+-----+-----------------------+----------+-----------------+
| 351 | [126, 260, 108, 968]  | 273638   | [695]           |
+-----+-----------------------+----------+-----------------+
| 352 | [170, 1451, 133, 610] | 178971   | [538]           |
+-----+-----------------------+----------+-----------------+
| 353 | [327, 724, 217, 973]  | 78557    | [928]           |
+-----+-----------------------+----------+-----------------+
| 354 | [47, 1537, 67, 889]   | 50160    | [179]           |
+-----+-----------------------+----------+-----------------+
| 355 | [346, 374, 227, 873]  | 105792   | [393]           |
+-----+-----------------------+----------+-----------------+
| 356 | [216, 1399, 158, 728] | 163327   | [247]           |
+-----+-----------------------+----------+-----------------+
| 357 | [93, 131, 91, 583]    | 348990   | [720]           |
+-----+-----------------------+----------+-----------------+
| 358 | [21, 1889, 54, 655]   | 130822   | [134]           |
+-----+-----------------------+----------+-----------------+
| 359 | [152, 245, 124, 917]  | 313459   | [509]           |
+-----+-----------------------+----------+-----------------+
| 360 | [72, 238, 81, 946]    | 407326   | [138]           |
+-----+-----------------------+----------+-----------------+
| 361 | [82, 569, 87, 911]    | 319187   | [609]           |
+-----+-----------------------+----------+-----------------+
| 362 | [245, 1760, 176, 639] | 126167   | [292]           |
+-----+-----------------------+----------+-----------------+
| 363 | [119, 2228, 109, 760] | 1481     | [909]           |
+-----+-----------------------+----------+-----------------+
| 364 | [69, 2111, 82, 603]   | 198087   | [18]            |
+-----+-----------------------+----------+-----------------+
| 365 | [218, 549, 161, 600]  | 192217   | [288]           |
+-----+-----------------------+----------+-----------------+
| 366 | [317, 2261, 218, 606] | 42432    | [601]           |
+-----+-----------------------+----------+-----------------+
| 367 | [78, 1772, 89, 587]   | 271274   | [623]           |
+-----+-----------------------+----------+-----------------+
| 368 | [128, 597, 115, 536]  | 282502   | [868]           |
+-----+-----------------------+----------+-----------------+
| 369 | [111, 2401, 108, 683] | 42949    | [754]           |
+-----+-----------------------+----------+-----------------+
| 370 | [340, 783, 230, 729]  | 73768    | [144]           |
+-----+-----------------------+----------+-----------------+
| 371 | [203, 1350, 157, 839] | 105890   | [10]            |
+-----+-----------------------+----------+-----------------+
| 372 | [295, 597, 206, 962]  | 162691   | [373]           |
+-----+-----------------------+----------+-----------------+
| 373 | [149, 1180, 128, 981] | 180714   | [886]           |
+-----+-----------------------+----------+-----------------+
| 374 | [296, 740, 207, 814]  | 122080   | [324]           |
+-----+-----------------------+----------+-----------------+
| 375 | [68, 1334, 85, 772]   | 21443    | [426]           |
+-----+-----------------------+----------+-----------------+
| 376 | [287, 1421, 203, 925] | 120303   | [680]           |
+-----+-----------------------+----------+-----------------+
| 377 | [316, 2390, 220, 911] | 16908    | [91]            |
+-----+-----------------------+----------+-----------------+
| 378 | [322, 393, 222, 784]  | 138006   | [121]           |
+-----+-----------------------+----------+-----------------+
| 379 | [278, 992, 199, 481]  | 100212   | [596]           |
+-----+-----------------------+----------+-----------------+
| 380 | [335, 26, 229, 763]   | 74899    | [202]           |
+-----+-----------------------+----------+-----------------+
| 381 | [303, 44, 212, 866]   | 95368    | [151]           |
+-----+-----------------------+----------+-----------------+
| 382 | [250, 1452, 185, 594] | 153108   | [656]           |
+-----+-----------------------+----------+-----------------+
| 383 | [298, 2380, 212, 463] | 38506    | [196]           |
+-----+-----------------------+----------+-----------------+
| 384 | [199, 1420, 158, 717] | 200229   | [152]           |
+-----+-----------------------+----------+-----------------+
| 385 | [301, 1162, 213, 932] | 89825    | [640]           |
+-----+-----------------------+----------+-----------------+
| 386 | [134, 798, 123, 548]  | 274559   | [758]           |
+-----+-----------------------+----------+-----------------+
| 387 | [51, 1310, 79, 706]   | 203585   | [651]           |
+-----+-----------------------+----------+-----------------+
| 388 | [312, 524, 219, 760]  | 140240   | [193]           |
+-----+-----------------------+----------+-----------------+
| 389 | [93, 2090, 103, 676]  | 196301   | [952]           |
+-----+-----------------------+----------+-----------------+
| 390 | [243, 2066, 184, 576] | 105635   | [148]           |
+-----+-----------------------+----------+-----------------+
| 391 | [143, 1403, 130, 976] | 230358   | [276]           |
+-----+-----------------------+----------+-----------------+
| 392 | [220, 848, 171, 472]  | 191652   | [183]           |
+-----+-----------------------+----------+-----------------+
| 393 | [327, 2392, 230, 717] | 37822    | [235]           |
+-----+-----------------------+----------+-----------------+
| 394 | [197, 1116, 159, 668] | 140189   | [155]           |
+-----+-----------------------+----------+-----------------+
| 395 | [267, 828, 197, 758]  | 159165   | [619]           |
+-----+-----------------------+----------+-----------------+
| 396 | [135, 1874, 127, 691] | 182815   | [280]           |
+-----+-----------------------+----------+-----------------+
| 397 | [96, 948, 106, 964]   | 293199   | [777]           |
+-----+-----------------------+----------+-----------------+
| 398 | [103, 1069, 110, 724] | 261361   | [726]           |
+-----+-----------------------+----------+-----------------+
| 399 | [102, 338, 110, 568]  | 457528   | [229]           |
+-----+-----------------------+----------+-----------------+
| 400 | [232, 2363, 182, 593] | 79784    | [874]           |
+-----+-----------------------+----------+-----------------+
| 401 | [106, 2103, 114, 701] | 242285   | [961]           |
+-----+-----------------------+----------+-----------------+
| 402 | [265, 2456, 200, 589] | 43294    | [922]           |
+-----+-----------------------+----------+-----------------+
| 403 | [60, 1380, 89, 992]   | 382490   | [267]           |
+-----+-----------------------+----------+-----------------+
| 404 | [283, 2263, 211, 680] | 80009    | [320]           |
+-----+-----------------------+----------+-----------------+
| 405 | [48, 299, 83, 923]    | 585958   | [725]           |
+-----+-----------------------+----------+-----------------+
| 406 | [48, 1382, 84, 476]   | 405890   | [826]           |
+-----+-----------------------+----------+-----------------+
| 407 | [306, 2150, 224, 619] | 86667    | [591]           |
+-----+-----------------------+----------+-----------------+
| 408 | [145, 1651, 137, 586] | 213813   | [55]            |
+-----+-----------------------+----------+-----------------+
| 409 | [303, 1370, 222, 846] | 112107   | [745]           |
+-----+-----------------------+----------+-----------------+
| 410 | [163, 139, 146, 544]  | 863304   | [363]           |
+-----+-----------------------+----------+-----------------+
| 411 | [247, 966, 192, 551]  | 163743   | [979]           |
+-----+-----------------------+----------+-----------------+
| 412 | [122, 2175, 126, 925] | 197428   | [739]           |
+-----+-----------------------+----------+-----------------+
| 413 | [329, 183, 236, 763]  | 745102   | [705]           |
+-----+-----------------------+----------+-----------------+
| 414 | [11, 2433, 67, 829]   | 84006    | [205]           |
+-----+-----------------------+----------+-----------------+
| 415 | [317, 1924, 233, 640] | 78347    | [19]            |
+-----+-----------------------+----------+-----------------+
| 416 | [345, 1799, 248, 837] | 90672    | [401]           |
+-----+-----------------------+----------+-----------------+
| 417 | [247, 1234, 195, 920] | 111131   | [632]           |
+-----+-----------------------+----------+-----------------+
| 418 | [243, 2032, 194, 873] | 150452   | [981]           |
+-----+-----------------------+----------+-----------------+
| 419 | [243, 499, 193, 994]  | 450222   | [75]            |
+-----+-----------------------+----------+-----------------+
| 420 | [13, 1198, 70, 555]   | 212197   | [226]           |
+-----+-----------------------+----------+-----------------+
| 421 | [307, 515, 229, 533]  | 481574   | [926]           |
+-----+-----------------------+----------+-----------------+
| 422 | [329, 1534, 242, 713] | 114410   | [54]            |
+-----+-----------------------+----------+-----------------+
| 423 | [135, 814, 137, 877]  | 373495   | [511]           |
+-----+-----------------------+----------+-----------------+
| 424 | [330, 588, 242, 657]  | 398555   | [296]           |
+-----+-----------------------+----------+-----------------+
| 425 | [31, 1431, 82, 973]   | 431836   | [798]           |
+-----+-----------------------+----------+-----------------+
| 426 | [174, 2413, 160, 597] | 64349    | [904]           |
+-----+-----------------------+----------+-----------------+
| 427 | [23, 298, 77, 648]    | 1180936  | [312]           |
+-----+-----------------------+----------+-----------------+
| 428 | [272, 1340, 212, 989] | 174597   | [921]           |
+-----+-----------------------+----------+-----------------+
| 429 | [272, 818, 212, 564]  | 398965   | [646]           |
+-----+-----------------------+----------+-----------------+
| 430 | [51, 1687, 94, 840]   | 357567   | [510]           |
+-----+-----------------------+----------+-----------------+
| 431 | [316, 1693, 237, 765] | 118942   | [626]           |
+-----+-----------------------+----------+-----------------+
| 432 | [60, 1976, 100, 796]  | 286000   | [218]           |
+-----+-----------------------+----------+-----------------+
| 433 | [101, 368, 121, 569]  | 1977215  | [617]           |
+-----+-----------------------+----------+-----------------+
| 434 | [120, 1178, 132, 620] | 573167   | [253]           |
+-----+-----------------------+----------+-----------------+
| 435 | [207, 1815, 180, 712] | 191062   | [870]           |
+-----+-----------------------+----------+-----------------+
| 436 | [245, 851, 201, 795]  | 1167615  | [374]           |
+-----+-----------------------+----------+-----------------+
| 437 | [84, 1011, 115, 653]  | 1112347  | [587]           |
+-----+-----------------------+----------+-----------------+
| 438 | [235, 1532, 197, 485] | 327220   | [964]           |
+-----+-----------------------+----------+-----------------+
| 439 | [68, 401, 107, 914]   | 2710063  | [941]           |
+-----+-----------------------+----------+-----------------+
| 440 | [315, 2012, 242, 805] | 108554   | [117]           |
+-----+-----------------------+----------+-----------------+
| 441 | [227, 2390, 195, 491] | 85744    | [818]           |
+-----+-----------------------+----------+-----------------+
| 442 | [140, 853, 147, 585]  | 1763955  | [580]           |
+-----+-----------------------+----------+-----------------+
| 443 | [220, 476, 190, 998]  | 2772416  | [530]           |
+-----+-----------------------+----------+-----------------+
| 444 | [232, 2108, 198, 531] | 146637   | [64]            |
+-----+-----------------------+----------+-----------------+
| 445 | [13, 412, 79, 739]    | 3293184  | [93]            |
+-----+-----------------------+----------+-----------------+
| 446 | [165, 1763, 162, 474] | 360454   | [50]            |
+-----+-----------------------+----------+-----------------+
| 447 | [135, 543, 145, 975]  | 2758397  | [116]           |
+-----+-----------------------+----------+-----------------+
| 448 | [88, 812, 120, 655]   | 2234275  | [738]           |
+-----+-----------------------+----------+-----------------+
| 449 | [228, 1244, 196, 573] | 1157200  | [976]           |
+-----+-----------------------+----------+-----------------+
| 450 | [51, 276, 100, 858]   | 4204952  | [408]           |
+-----+-----------------------+----------+-----------------+
| 451 | [289, 683, 229, 805]  | 2581625  | [844]           |
+-----+-----------------------+----------+-----------------+
| 452 | [112, 432, 134, 854]  | 3622882  | [743]           |
+-----+-----------------------+----------+-----------------+
| 453 | [217, 935, 191, 800]  | 1963285  | [759]           |
+-----+-----------------------+----------+-----------------+
| 454 | [46, 1593, 100, 462]  | 849016   | [461]           |
+-----+-----------------------+----------+-----------------+
| 455 | [236, 255, 203, 454]  | 4499524  | [644]           |
+-----+-----------------------+----------+-----------------+
| 456 | [264, 2442, 220, 919] | 65368    | [129]           |
+-----+-----------------------+----------+-----------------+
| 457 | [210, 1316, 190, 726] | 1257316  | [933]           |
+-----+-----------------------+----------+-----------------+
| 458 | [313, 369, 245, 838]  | 4079714  | [966]           |
+-----+-----------------------+----------+-----------------+
| 459 | [162, 1122, 165, 823] | 1782976  | [364]           |
+-----+-----------------------+----------+-----------------+
| 460 | [40, 1303, 100, 954]  | 1534170  | [287, 350]      |
+-----+-----------------------+----------+-----------------+
| 461 | [201, 424, 186, 717]  | 4068755  | [108]           |
+-----+-----------------------+----------+-----------------+
| 462 | [166, 563, 168, 444]  | 3697640  | [115]           |
+-----+-----------------------+----------+-----------------+
| 463 | [234, 1921, 207, 703] | 395635   | [590]           |
+-----+-----------------------+----------+-----------------+
| 464 | [256, 344, 218, 446]  | 4510961  | [59]            |
+-----+-----------------------+----------+-----------------+
| 465 | [302, 767, 244, 496]  | 3071145  | [563]           |
+-----+-----------------------+----------+-----------------+
| 466 | [147, 2358, 162, 503] | 106844   | [537]           |
+-----+-----------------------+----------+-----------------+
| 467 | [116, 509, 144, 685]  | 4200478  | [332]           |
+-----+-----------------------+----------+-----------------+
| 468 | [304, 202, 245, 716]  | 2776668  | [674, 811, 920] |
+-----+-----------------------+----------+-----------------+
| 469 | [71, 1502, 121, 627]  | 1232519  | [89]            |
+-----+-----------------------+----------+-----------------+
| 470 | [77, 1763, 125, 570]  | 732727   | [73]            |
+-----+-----------------------+----------+-----------------+
| 471 | [220, 429, 201, 855]  | 4614841  | [556]           |
+-----+-----------------------+----------+-----------------+
| 472 | [297, 772, 243, 834]  | 3243292  | [865]           |
+-----+-----------------------+----------+-----------------+
| 473 | [102, 127, 138, 512]  | 6257608  | [934]           |
+-----+-----------------------+----------+-----------------+
| 474 | [165, 183, 172, 645]  | 5991709  | [248]           |
+-----+-----------------------+----------+-----------------+
| 475 | [152, 2491, 167, 565] | 43594    | [12]            |
+-----+-----------------------+----------+-----------------+
| 476 | [256, 884, 222, 558]  | 3034967  | [412]           |
+-----+-----------------------+----------+-----------------+
| 477 | [176, 111, 179, 680]  | 6443264  | [579]           |
+-----+-----------------------+----------+-----------------+
| 478 | [128, 1073, 154, 946] | 2597427  | [465]           |
+-----+-----------------------+----------+-----------------+
| 479 | [259, 98, 224, 887]   | 6553704  | [441]           |
+-----+-----------------------+----------+-----------------+
| 480 | [153, 1022, 168, 945] | 2785578  | [760]           |
+-----+-----------------------+----------+-----------------+
| 481 | [82, 2239, 132, 503]  | 229645   | [861]           |
+-----+-----------------------+----------+-----------------+
| 482 | [128, 2452, 157, 463] | 70337    | [188]           |
+-----+-----------------------+----------+-----------------+
| 483 | [142, 335, 163, 965]  | 5546819  | [668]           |
+-----+-----------------------+----------+-----------------+
| 484 | [49, 2166, 115, 618]  | 263120   | [784]           |
+-----+-----------------------+----------+-----------------+
| 485 | [62, 1513, 122, 769]  | 1495390  | [36]            |
+-----+-----------------------+----------+-----------------+
| 486 | [281, 1482, 240, 761] | 1482025  | [268]           |
+-----+-----------------------+----------+-----------------+
| 487 | [281, 455, 240, 464]  | 5083530  | [678]           |
+-----+-----------------------+----------+-----------------+
| 488 | [74, 778, 129, 882]   | 3833510  | [670]           |
+-----+-----------------------+----------+-----------------+
| 489 | [21, 64, 101, 998]    | 7123663  | [38]            |
+-----+-----------------------+----------+-----------------+
| 490 | [275, 1510, 239, 668] | 1477360  | [664]           |
+-----+-----------------------+----------+-----------------+
| 491 | [210, 53, 203, 831]   | 7141899  | [6]             |
+-----+-----------------------+----------+-----------------+
| 492 | [56, 909, 121, 716]   | 3379357  | [233]           |
+-----+-----------------------+----------+-----------------+
| 493 | [36, 531, 110, 947]   | 4954251  | [316]           |
+-----+-----------------------+----------+-----------------+
| 494 | [27, 191, 105, 709]   | 6631644  | [464]           |
+-----+-----------------------+----------+-----------------+
| 495 | [143, 576, 168, 918]  | 4745868  | [469]           |
+-----+-----------------------+----------+-----------------+
| 496 | [141, 1829, 168, 707] | 877859   | [915]           |
+-----+-----------------------+----------+-----------------+
| 497 | [55, 597, 121, 545]   | 4795743  | [605]           |
+-----+-----------------------+----------+-----------------+
| 498 | [62, 2320, 127, 445]  | 225734   | [631]           |
+-----+-----------------------+----------+-----------------+
| 499 | [62, 881, 126, 756]   | 3658967  | [130]           |
+-----+-----------------------+----------+-----------------+
| 500 | [172, 1723, 186, 969] | 1140999  | [78]            |
+-----+-----------------------+----------+-----------------+
| 501 | [107, 852, 151, 915]  | 3731557  | [142]           |
+-----+-----------------------+----------+-----------------+
| 502 | [282, 373, 245, 714]  | 5640119  | [935]           |
+-----+-----------------------+----------+-----------------+
| 503 | [255, 967, 231, 843]  | 3222256  | [39]            |
+-----+-----------------------+----------+-----------------+
| 504 | [107, 1268, 152, 849] | 2405207  | [495]           |
+-----+-----------------------+----------+-----------------+
| 505 | [258, 1827, 234, 770] | 961438   | [848]           |
+-----+-----------------------+----------+-----------------+
| 506 | [17, 903, 104, 467]   | 3748786  | [641]           |
+-----+-----------------------+----------+-----------------+
| 507 | [127, 1534, 164, 746] | 1748691  | [107]           |
+-----+-----------------------+----------+-----------------+
| 508 | [37, 579, 115, 946]   | 5103889  | [32]            |
+-----+-----------------------+----------+-----------------+
| 509 | [10, 1072, 101, 602]  | 3140288  | [638]           |
+-----+-----------------------+----------+-----------------+
| 510 | [45, 2362, 121, 822]  | 289530   | [61]            |
+-----+-----------------------+----------+-----------------+
| 511 | [160, 1280, 182, 457] | 2420638  | [650]           |
+-----+-----------------------+----------+-----------------+
| 512 | [15, 1152, 104, 704]  | 2956759  | [90]            |
+-----+-----------------------+----------+-----------------+
| 513 | [179, 1123, 193, 634] | 2938632  | [837]           |
+-----+-----------------------+----------+-----------------+
| 514 | [210, 1287, 210, 867] | 2401688  | [11]            |
+-----+-----------------------+----------+-----------------+
| 515 | [58, 1546, 129, 862]  | 1791772  | [993]           |
+-----+-----------------------+----------+-----------------+
| 516 | [120, 77, 162, 452]   | 7661633  | [141]           |
+-----+-----------------------+----------+-----------------+
| 517 | [262, 142, 239, 942]  | 7200194  | [688]           |
+-----+-----------------------+----------+-----------------+
| 518 | [17, 1140, 108, 642]  | 3061418  | [317]           |
+-----+-----------------------+----------+-----------------+
| 519 | [258, 1488, 239, 522] | 1870879  | [231]           |
+-----+-----------------------+----------+-----------------+
| 520 | [48, 411, 126, 747]   | 6146078  | [757]           |
+-----+-----------------------+----------+-----------------+
| 521 | [233, 2258, 228, 461] | 394270   | [634]           |
+-----+-----------------------+----------+-----------------+
| 522 | [119, 1180, 166, 908] | 2928827  | [244]           |
+-----+-----------------------+----------+-----------------+
| 523 | [233, 1858, 228, 725] | 1080154  | [423]           |
+-----+-----------------------+----------+-----------------+
| 524 | [152, 2322, 185, 732] | 344554   | [968]           |
+-----+-----------------------+----------+-----------------+
| 525 | [157, 10, 186, 897]   | 8338381  | [742]           |
+-----+-----------------------+----------+-----------------+
| 526 | [175, 218, 196, 645]  | 7184386  | [565]           |
+-----+-----------------------+----------+-----------------+
| 527 | [114, 1088, 164, 737] | 3427154  | [950]           |
+-----+-----------------------+----------+-----------------+
| 528 | [96, 641, 154, 488]   | 5207524  | [501]           |
+-----+-----------------------+----------+-----------------+
| 529 | [176, 287, 197, 566]  | 7049833  | [983]           |
+-----+-----------------------+----------+-----------------+
| 530 | [21, 751, 115, 877]   | 4627422  | [181]           |
+-----+-----------------------+----------+-----------------+
| 531 | [93, 1077, 155, 701]  | 3505026  | [562]           |
+-----+-----------------------+----------+-----------------+
| 532 | [142, 1646, 182, 858] | 1745570  | [164]           |
+-----+-----------------------+----------+-----------------+
| 533 | [147, 673, 184, 462]  | 5215722  | [518]           |
+-----+-----------------------+----------+-----------------+
| 534 | [178, 1913, 202, 563] | 1125607  | [790]           |
+-----+-----------------------+----------+-----------------+
| 535 | [186, 368, 205, 777]  | 6726824  | [126]           |
+-----+-----------------------+----------+-----------------+
| 536 | [262, 2497, 248, 788] | 253634   | [409]           |
+-----+-----------------------+----------+-----------------+
| 537 | [11, 983, 112, 627]   | 3772913  | [318]           |
+-----+-----------------------+----------+-----------------+
| 538 | [192, 1364, 210, 958] | 2686051  | [508]           |
+-----+-----------------------+----------+-----------------+
| 539 | [20, 17, 117, 795]    | 8471789  | [486]           |
+-----+-----------------------+----------+-----------------+
| 540 | [111, 1117, 167, 731] | 3415003  | [992]           |
+-----+-----------------------+----------+-----------------+
| 541 | [224, 1850, 229, 522] | 1336121  | [360]           |
+-----+-----------------------+----------+-----------------+
| 542 | [262, 1194, 249, 950] | 3205494  | [685]           |
+-----+-----------------------+----------+-----------------+
| 543 | [112, 831, 168, 693]  | 4747335  | [576]           |
+-----+-----------------------+----------+-----------------+
| 544 | [45, 2077, 133, 630]  | 760809   | [795]           |
+-----+-----------------------+----------+-----------------+
| 545 | [18, 2497, 119, 821]  | 212859   | [96]            |
+-----+-----------------------+----------+-----------------+
| 546 | [237, 2286, 238, 453] | 554280   | [776]           |
+-----+-----------------------+----------+-----------------+
| 547 | [86, 2348, 157, 671]  | 372047   | [769]           |
+-----+-----------------------+----------+-----------------+
| 548 | [67, 1171, 146, 499]  | 3272861  | [298]           |
+-----+-----------------------+----------+-----------------+
| 549 | [108, 2259, 169, 713] | 589416   | [794]           |
+-----+-----------------------+----------+-----------------+
| 550 | [107, 1329, 168, 686] | 2928381  | [428]           |
+-----+-----------------------+----------+-----------------+
| 551 | [119, 1227, 175, 913] | 3302232  | [978]           |
+-----+-----------------------+----------+-----------------+
| 552 | [148, 342, 190, 709]  | 7195761  | [930]           |
+-----+-----------------------+----------+-----------------+
| 553 | [110, 1923, 171, 585] | 1321638  | [805]           |
+-----+-----------------------+----------+-----------------+
| 554 | [107, 1982, 170, 762] | 1192551  | [147]           |
+-----+-----------------------+----------+-----------------+
| 555 | [165, 1853, 202, 912] | 1508263  | [427]           |
+-----+-----------------------+----------+-----------------+
| 556 | [59, 179, 144, 973]   | 7868093  | [335]           |
+-----+-----------------------+----------+-----------------+
| 557 | [116, 1085, 176, 493] | 3970674  | [340]           |
+-----+-----------------------+----------+-----------------+
| 558 | [111, 2463, 175, 809] | 438077   | [566]           |
+-----+-----------------------+----------+-----------------+
| 559 | [163, 2324, 203, 646] | 632069   | [991]           |
+-----+-----------------------+----------+-----------------+
| 560 | [25, 1332, 128, 728]  | 2930816  | [392]           |
+-----+-----------------------+----------+-----------------+
| 561 | [211, 1898, 229, 504] | 1436843  | [220]           |
+-----+-----------------------+----------+-----------------+
| 562 | [214, 1581, 231, 672] | 2246820  | [468]           |
+-----+-----------------------+----------+-----------------+
| 563 | [100, 1835, 170, 859] | 1706504  | [186]           |
+-----+-----------------------+----------+-----------------+
| 564 | [141, 1489, 192, 850] | 2674807  | [568]           |
+-----+-----------------------+----------+-----------------+
| 565 | [71, 731, 154, 466]   | 5382318  | [68]            |
+-----+-----------------------+----------+-----------------+
| 566 | [218, 2143, 235, 550] | 959777   | [435]           |
+-----+-----------------------+----------+-----------------+
| 567 | [221, 2336, 237, 501] | 644810   | [77]            |
+-----+-----------------------+----------+-----------------+
| 568 | [182, 1178, 217, 927] | 3782224  | [894]           |
+-----+-----------------------+----------+-----------------+
| 569 | [153, 397, 201, 915]  | 7429127  | [809]           |
+-----+-----------------------+----------+-----------------+
| 570 | [138, 1650, 194, 981] | 2257228  | [841]           |
+-----+-----------------------+----------+-----------------+
| 571 | [120, 1445, 185, 879] | 2954312  | [314]           |
+-----+-----------------------+----------+-----------------+
| 572 | [218, 433, 237, 953]  | 7381633  | [747]           |
+-----+-----------------------+----------+-----------------+
| 573 | [140, 1272, 196, 729] | 3578766  | [694]           |
+-----+-----------------------+----------+-----------------+
| 574 | [185, 1855, 221, 523] | 1743387  | [474]           |
+-----+-----------------------+----------+-----------------+
| 575 | [16, 2353, 131, 486]  | 561787   | [665]           |
+-----+-----------------------+----------+-----------------+
| 576 | [40, 312, 143, 532]   | 8056201  | [713]           |
+-----+-----------------------+----------+-----------------+
| 577 | [29, 385, 139, 824]   | 7513001  | [133]           |
+-----+-----------------------+----------+-----------------+
| 578 | [89, 851, 172, 981]   | 5391888  | [552]           |
+-----+-----------------------+----------+-----------------+
| 579 | [61, 2107, 158, 709]  | 1153999  | [945]           |
+-----+-----------------------+----------+-----------------+
| 580 | [183, 941, 225, 542]  | 4968772  | [225]           |
+-----+-----------------------+----------+-----------------+
| 581 | [97, 649, 179, 672]   | 6418558  | [448]           |
+-----+-----------------------+----------+-----------------+
| 582 | [174, 2331, 222, 919] | 747640   | [440]           |
+-----+-----------------------+----------+-----------------+
| 583 | [75, 498, 168, 897]   | 7236965  | [425]           |
+-----+-----------------------+----------+-----------------+
| 584 | [181, 2285, 227, 722] | 880567   | [555]           |
+-----+-----------------------+----------+-----------------+
| 585 | [146, 1211, 208, 572] | 4058142  | [56]            |
+-----+-----------------------+----------+-----------------+
| 586 | [115, 21, 191, 594]   | 10252138 | [154]           |
+-----+-----------------------+----------+-----------------+
| 587 | [57, 2326, 162, 591]  | 857930   | [771]           |
+-----+-----------------------+----------+-----------------+
| 588 | [159, 841, 216, 794]  | 5740306  | [943]           |
+-----+-----------------------+----------+-----------------+
| 589 | [206, 200, 241, 563]  | 9173496  | [924]           |
+-----+-----------------------+----------+-----------------+
| 590 | [93, 2133, 182, 475]  | 1256864  | [387]           |
+-----+-----------------------+----------+-----------------+
| 591 | [21, 2412, 145, 797]  | 560903   | [855]           |
+-----+-----------------------+----------+-----------------+
| 592 | [154, 1066, 216, 994] | 4803047  | [359]           |
+-----+-----------------------+----------+-----------------+
| 593 | [160, 1955, 220, 670] | 1764084  | [796]           |
+-----+-----------------------+----------+-----------------+
| 594 | [186, 687, 233, 685]  | 6583188  | [25]            |
+-----+-----------------------+----------+-----------------+
| 595 | [175, 1656, 228, 466] | 2617802  | [26]            |
+-----+-----------------------+----------+-----------------+
| 596 | [24, 212, 146, 799]   | 9317152  | [95]            |
+-----+-----------------------+----------+-----------------+
| 597 | [49, 1746, 161, 460]  | 2396206  | [604]           |
+-----+-----------------------+----------+-----------------+
| 598 | [138, 436, 209, 658]  | 8055836  | [30]            |
+-----+-----------------------+----------+-----------------+
| 599 | [47, 783, 161, 983]   | 6422375  | [334]           |
+-----+-----------------------+----------+-----------------+
| 600 | [75, 1035, 178, 711]  | 5212810  | [716]           |
+-----+-----------------------+----------+-----------------+
| 601 | [199, 714, 246, 472]  | 6706700  | [610]           |
+-----+-----------------------+----------+-----------------+
| 602 | [192, 90, 242, 719]   | 10306395 | [507]           |
+-----+-----------------------+----------+-----------------+
| 603 | [147, 1506, 219, 651] | 3286173  | [404]           |
+-----+-----------------------+----------+-----------------+
| 604 | [60, 84, 172, 943]    | 10606440 | [123]           |
+-----+-----------------------+----------+-----------------+
| 605 | [182, 1327, 239, 641] | 4063093  | [289]           |
+-----+-----------------------+----------+-----------------+
| 606 | [92, 577, 190, 946]   | 7694860  | [719]           |
+-----+-----------------------+----------+-----------------+
| 607 | [132, 2410, 214, 855] | 905491   | [815]           |
+-----+-----------------------+----------+-----------------+
| 608 | [101, 1739, 197, 457] | 2611420  | [177]           |
+-----+-----------------------+----------+-----------------+
| 609 | [28, 2345, 159, 724]  | 887459   | [113]           |
+-----+-----------------------+----------+-----------------+
| 610 | [166, 1419, 233, 982] | 3735048  | [430]           |
+-----+-----------------------+----------+-----------------+
| 611 | [105, 706, 200, 814]  | 7009008  | [245]           |
+-----+-----------------------+----------+-----------------+
| 612 | [16, 1595, 153, 679]  | 2430387  | [803]           |
+-----+-----------------------+----------+-----------------+
| 613 | [59, 211, 175, 971]   | 9953985  | [972]           |
+-----+-----------------------+----------+-----------------+
| 614 | [102, 1099, 199, 469] | 5170787  | [744]           |
+-----+-----------------------+----------+-----------------+
| 615 | [98, 740, 198, 530]   | 6919787  | [831]           |
+-----+-----------------------+----------+-----------------+
| 616 | [152, 872, 228, 959]  | 6247378  | [832]           |
+-----+-----------------------+----------+-----------------+
| 617 | [114, 2282, 209, 495] | 1241765  | [636]           |
+-----+-----------------------+----------+-----------------+
| 618 | [16, 2269, 157, 876]  | 1312061  | [99]            |
+-----+-----------------------+----------+-----------------+
| 619 | [157, 1557, 233, 962] | 3353171  | [98]            |
+-----+-----------------------+----------+-----------------+
| 620 | [138, 1657, 225, 794] | 3021245  | [869]           |
+-----+-----------------------+----------+-----------------+
| 621 | [78, 1946, 194, 627]  | 2143900  | [390]           |
+-----+-----------------------+----------+-----------------+
| 622 | [121, 566, 216, 783]  | 7978811  | [821]           |
+-----+-----------------------+----------+-----------------+
| 623 | [44, 932, 175, 519]   | 6187517  | [462]           |
+-----+-----------------------+----------+-----------------+
| 624 | [165, 1411, 241, 778] | 4020553  | [871]           |
+-----+-----------------------+----------+-----------------+
| 625 | [82, 779, 196, 548]   | 6970575  | [476]           |
+-----+-----------------------+----------+-----------------+
| 626 | [141, 2038, 230, 898] | 1959631  | [236]           |
+-----+-----------------------+----------+-----------------+
| 627 | [20, 326, 164, 653]   | 9601075  | [345]           |
+-----+-----------------------+----------+-----------------+
| 628 | [161, 1337, 241, 907] | 4378324  | [212]           |
+-----+-----------------------+----------+-----------------+
| 629 | [131, 1267, 225, 572] | 4764117  | [243]           |
+-----+-----------------------+----------+-----------------+
| 630 | [39, 400, 175, 907]   | 9180905  | [917]           |
+-----+-----------------------+----------+-----------------+
| 631 | [133, 224, 226, 935]  | 10383829 | [484]           |
+-----+-----------------------+----------+-----------------+
| 632 | [104, 1656, 212, 966] | 3257128  | [540]           |
+-----+-----------------------+----------+-----------------+
| 633 | [161, 729, 243, 983]  | 7428019  | [481]           |
+-----+-----------------------+----------+-----------------+
| 634 | [103, 990, 212, 970]  | 6153687  | [535]           |
+-----+-----------------------+----------+-----------------+
| 635 | [21, 1127, 168, 558]  | 5285499  | [273]           |
+-----+-----------------------+----------+-----------------+
| 636 | [90, 203, 205, 856]   | 10607912 | [512]           |
+-----+-----------------------+----------+-----------------+
| 637 | [13, 1565, 165, 540]  | 3687992  | [659]           |
+-----+-----------------------+----------+-----------------+
| 638 | [141, 16, 234, 867]   | 11921324 | [274]           |
+-----+-----------------------+----------+-----------------+
| 639 | [91, 651, 208, 964]   | 8054321  | [698]           |
+-----+-----------------------+----------+-----------------+
| 640 | [12, 100, 166, 917]   | 11543836 | [522]           |
+-----+-----------------------+----------+-----------------+
| 641 | [125, 2234, 229, 978] | 1614978  | [290]           |
+-----+-----------------------+----------+-----------------+
| 642 | [28, 1293, 176, 993]  | 4861361  | [200]           |
+-----+-----------------------+----------+-----------------+
| 643 | [163, 762, 249, 566]  | 7512943  | [370]           |
+-----+-----------------------+----------+-----------------+
| 644 | [83, 1473, 207, 729]  | 4191025  | [583]           |
+-----+-----------------------+----------+-----------------+
| 645 | [101, 216, 216, 646]  | 10989905 | [429]           |
+-----+-----------------------+----------+-----------------+
| 646 | [143, 2326, 241, 628] | 1461664  | [918]           |
+-----+-----------------------+----------+-----------------+
| 647 | [85, 1127, 211, 774]  | 5826081  | [421]           |
+-----+-----------------------+----------+-----------------+
| 648 | [13, 287, 172, 498]   | 10629609 | [79]            |
+-----+-----------------------+----------+-----------------+
| 649 | [81, 22, 211, 724]    | 12421230 | [585]           |
+-----+-----------------------+----------+-----------------+
| 650 | [78, 1791, 211, 893]  | 3141337  | [493]           |
+-----+-----------------------+----------+-----------------+
| 651 | [143, 363, 245, 994]  | 10130273 | [496]           |
+-----+-----------------------+----------+-----------------+
| 652 | [19, 1440, 182, 551]  | 4539555  | [21]            |
+-----+-----------------------+----------+-----------------+
| 653 | [10, 2083, 178, 747]  | 2247922  | [611]           |
+-----+-----------------------+----------+-----------------+
| 654 | [21, 778, 183, 769]   | 7763516  | [620]           |
+-----+-----------------------+----------+-----------------+
| 655 | [19, 2383, 186, 804]  | 1469428  | [65]            |
+-----+-----------------------+----------+-----------------+
| 656 | [38, 1968, 196, 677]  | 2626311  | [105]           |
+-----+-----------------------+----------+-----------------+
| 657 | [59, 1951, 208, 778]  | 2666747  | [750]           |
+-----+-----------------------+----------+-----------------+
| 658 | [28, 971, 191, 517]   | 6857601  | [57]            |
+-----+-----------------------+----------+-----------------+
| 659 | [42, 150, 198, 611]   | 11785580 | [875]           |
+-----+-----------------------+----------+-----------------+
| 660 | [49, 2122, 204, 851]  | 2228138  | [872]           |
+-----+-----------------------+----------+-----------------+
| 661 | [18, 300, 187, 816]   | 10828414 | [557]           |
+-----+-----------------------+----------+-----------------+
| 662 | [81, 1994, 224, 667]  | 2606773  | [899]           |
+-----+-----------------------+----------+-----------------+
| 663 | [73, 684, 219, 527]   | 8466673  | [633]           |
+-----+-----------------------+----------+-----------------+
| 664 | [26, 63, 194, 874]    | 12510253 | [856]           |
+-----+-----------------------+----------+-----------------+
| 665 | [65, 2415, 217, 520]  | 1497976  | [810]           |
+-----+-----------------------+----------+-----------------+
| 666 | [25, 687, 195, 620]   | 8615791  | [313]           |
+-----+-----------------------+----------+-----------------+
| 667 | [82, 813, 226, 697]   | 7873137  | [184]           |
+-----+-----------------------+----------+-----------------+
| 668 | [50, 1566, 210, 852]  | 4309294  | [528]           |
+-----+-----------------------+----------+-----------------+
| 669 | [47, 2134, 209, 777]  | 2315896  | [574]           |
+-----+-----------------------+----------+-----------------+
| 670 | [42, 1702, 209, 899]  | 3788581  | [614]           |
+-----+-----------------------+----------+-----------------+
| 671 | [28, 1056, 201, 989]  | 6811638  | [994]           |
+-----+-----------------------+----------+-----------------+
| 672 | [100, 2012, 241, 860] | 2736321  | [669]           |
+-----+-----------------------+----------+-----------------+
| 673 | [56, 1214, 218, 692]  | 6085648  | [997]           |
+-----+-----------------------+----------+-----------------+
| 674 | [68, 599, 224, 860]   | 9464542  | [898]           |
+-----+-----------------------+----------+-----------------+
| 675 | [46, 2190, 214, 728]  | 2246141  | [706]           |
+-----+-----------------------+----------+-----------------+
| 676 | [16, 1549, 199, 929]  | 4602269  | [44]            |
+-----+-----------------------+----------+-----------------+
| 677 | [36, 808, 211, 916]   | 8301197  | [586]           |
+-----+-----------------------+----------+-----------------+
| 678 | [22, 76, 203, 588]    | 12985006 | [433]           |
+-----+-----------------------+----------+-----------------+
| 679 | [61, 1190, 228, 821]  | 6288709  | [895]           |
+-----+-----------------------+----------+-----------------+
| 680 | [72, 556, 234, 856]   | 9785376  | [310]           |
+-----+-----------------------+----------+-----------------+
| 681 | [27, 1808, 215, 854]  | 3618822  | [283]           |
+-----+-----------------------+----------+-----------------+
| 682 | [62, 77, 235, 807]    | 13091876 | [355]           |
+-----+-----------------------+----------+-----------------+
| 683 | [69, 757, 240, 523]   | 8699028  | [343]           |
+-----+-----------------------+----------+-----------------+
| 684 | [75, 835, 245, 967]   | 8254398  | [394]           |
+-----+-----------------------+----------+-----------------+
| 685 | [67, 1077, 241, 775]  | 6947296  | [893]           |
+-----+-----------------------+----------+-----------------+
| 686 | [70, 330, 242, 883]   | 11447245 | [624]           |
+-----+-----------------------+----------+-----------------+
| 687 | [65, 585, 243, 829]   | 9810073  | [252]           |
+-----+-----------------------+----------+-----------------+
| 688 | [15, 1309, 217, 831]  | 5825084  | [85]            |
+-----+-----------------------+----------+-----------------+
| 689 | [75, 302, 249, 647]   | 11667621 | [689]           |
+-----+-----------------------+----------+-----------------+
| 690 | [55, 1651, 240, 765]  | 4414062  | [774]           |
+-----+-----------------------+----------+-----------------+
| 691 | [41, 1606, 235, 837]  | 4613761  | [210]           |
+-----+-----------------------+----------+-----------------+
| 692 | [43, 664, 236, 905]   | 9458347  | [724]           |
+-----+-----------------------+----------+-----------------+
| 693 | [37, 1256, 240, 957]  | 6289220  | [101]           |
+-----+-----------------------+----------+-----------------+
| 694 | [47, 1750, 250, 470]  | 4127247  | [378]           |
+-----+-----------------------+----------+-----------------+
| 695 | [25, 1215, 238, 700]  | 6630094  | [120]           |
+-----+-----------------------+----------+-----------------+
| 696 | [10, 1239, 230, 841]  | 6525039  | [279]           |
+-----+-----------------------+----------+-----------------+
| 697 | [16, 2264, 235, 965]  | 2341332  | [478]           |
+-----+-----------------------+----------+-----------------+
| 698 | [16, 348, 234, 892]   | 11755827 | [866]           |
+-----+-----------------------+----------+-----------------+
| 699 | [17, 1476, 246, 747]  | 5399791  | [681]           |
+-----+-----------------------+----------+-----------------+

Total OF: 1200912356
Runtime: 1
latencies: 0.100254 - 0.217978%
filter  : 1.76737 - 3.84271%
search  : 44.1247 - 95.9382%
--------------Times execs----------------
    0: 45.9928
 mean: 45.9928
   sd: 0

First ignored:

 mean: 0
   sd: 0

----------------------
