Number of jobs: 200

+-----+-----------------------+--------+-----------------+
| Job | [Jr,Jb,Jl,Jo]         | OF     | Allocated nodes |
+-----+-----------------------+--------+-----------------+
| 0   | [350, 1967, 47, 509]  | 2665   | [158, 812]      |
+-----+-----------------------+--------+-----------------+
| 1   | [305, 1313, 36, 682]  | 4068   | [554]           |
+-----+-----------------------+--------+-----------------+
| 2   | [298, 214, 34, 704]   | 679596 | [353]           |
+-----+-----------------------+--------+-----------------+
| 3   | [297, 659, 51, 829]   | 78631  | [621]           |
+-----+-----------------------+--------+-----------------+
| 4   | [342, 2111, 78, 935]  | 23     | [639, 840]      |
+-----+-----------------------+--------+-----------------+
| 5   | [275, 1685, 42, 924]  | 9905   | [127]           |
+-----+-----------------------+--------+-----------------+
| 6   | [339, 1601, 77, 687]  | 720    | [7, 282]        |
+-----+-----------------------+--------+-----------------+
| 7   | [336, 1458, 76, 932]  | 2073   | [47, 857]       |
+-----+-----------------------+--------+-----------------+
| 8   | [325, 1335, 71, 784]  | 1481   | [411, 687]      |
+-----+-----------------------+--------+-----------------+
| 9   | [343, 1191, 81, 839]  | 11     | [185, 594]      |
+-----+-----------------------+--------+-----------------+
| 10  | [279, 1165, 52, 814]  | 4615   | [397]           |
+-----+-----------------------+--------+-----------------+
| 11  | [339, 2374, 88, 472]  | 634    | [203, 240]      |
+-----+-----------------------+--------+-----------------+
| 12  | [284, 79, 59, 447]    | 929    | [178, 470]      |
+-----+-----------------------+--------+-----------------+
| 13  | [346, 2116, 99, 613]  | 1347   | [238]           |
+-----+-----------------------+--------+-----------------+
| 14  | [318, 2404, 85, 930]  | 47     | [391, 446, 896] |
+-----+-----------------------+--------+-----------------+
| 15  | [260, 1723, 58, 668]  | 1033   | [708, 834]      |
+-----+-----------------------+--------+-----------------+
| 16  | [275, 1364, 68, 763]  | 2365   | [692]           |
+-----+-----------------------+--------+-----------------+
| 17  | [235, 810, 50, 748]   | 19741  | [382]           |
+-----+-----------------------+--------+-----------------+
| 18  | [307, 905, 89, 810]   | 3441   | [690, 863]      |
+-----+-----------------------+--------+-----------------+
| 19  | [305, 2382, 90, 802]  | 66     | [16, 458]       |
+-----+-----------------------+--------+-----------------+
| 20  | [339, 456, 107, 530]  | 1959   | [241]           |
+-----+-----------------------+--------+-----------------+
| 21  | [335, 1502, 106, 798] | 16     | [17, 157]       |
+-----+-----------------------+--------+-----------------+
| 22  | [217, 540, 47, 630]   | 27080  | [275]           |
+-----+-----------------------+--------+-----------------+
| 23  | [292, 1101, 88, 549]  | 1417   | [653]           |
+-----+-----------------------+--------+-----------------+
| 24  | [242, 986, 63, 824]   | 6192   | [15]            |
+-----+-----------------------+--------+-----------------+
| 25  | [266, 1656, 79, 464]  | 3134   | [149, 822]      |
+-----+-----------------------+--------+-----------------+
| 26  | [213, 2146, 52, 606]  | 1367   | [460]           |
+-----+-----------------------+--------+-----------------+
| 27  | [235, 2328, 64, 489]  | 6697   | [660, 971]      |
+-----+-----------------------+--------+-----------------+
| 28  | [241, 1744, 68, 632]  | 639    | [475, 756]      |
+-----+-----------------------+--------+-----------------+
| 29  | [285, 1921, 94, 979]  | -4     | [23, 301]       |
+-----+-----------------------+--------+-----------------+
| 30  | [294, 611, 98, 474]   | 509    | [487, 853]      |
+-----+-----------------------+--------+-----------------+
| 31  | [203, 2439, 51, 936]  | 3146   | [125]           |
+-----+-----------------------+--------+-----------------+
| 32  | [179, 1021, 38, 533]  | 3870   | [263]           |
+-----+-----------------------+--------+-----------------+
| 33  | [176, 973, 48, 788]   | 1240   | [702]           |
+-----+-----------------------+--------+-----------------+
| 34  | [143, 680, 32, 601]   | 114129 | [797]           |
+-----+-----------------------+--------+-----------------+
| 35  | [246, 1642, 90, 643]  | 263    | [1, 919]        |
+-----+-----------------------+--------+-----------------+
| 36  | [239, 127, 88, 897]   | 2798   | [602]           |
+-----+-----------------------+--------+-----------------+
| 37  | [278, 1996, 111, 586] | 17     | [524, 799]      |
+-----+-----------------------+--------+-----------------+
| 38  | [346, 2337, 149, 630] | 142    | [258, 651]      |
+-----+-----------------------+--------+-----------------+
| 39  | [308, 2179, 131, 821] | 191    | [595, 836]      |
+-----+-----------------------+--------+-----------------+
| 40  | [244, 1625, 101, 552] | 52     | [721]           |
+-----+-----------------------+--------+-----------------+
| 41  | [121, 2093, 38, 822]  | 40328  | [946]           |
+-----+-----------------------+--------+-----------------+
| 42  | [200, 2036, 81, 661]  | 269    | [219, 502]      |
+-----+-----------------------+--------+-----------------+
| 43  | [214, 678, 88, 728]   | 2760   | [104, 550]      |
+-----+-----------------------+--------+-----------------+
| 44  | [195, 1792, 79, 510]  | 3416   | [322, 888]      |
+-----+-----------------------+--------+-----------------+
| 45  | [271, 575, 121, 686]  | 2945   | [714]           |
+-----+-----------------------+--------+-----------------+
| 46  | [346, 1438, 163, 612] | -19    | [431, 520]      |
+-----+-----------------------+--------+-----------------+
| 47  | [232, 577, 101, 868]  | 8374   | [582]           |
+-----+-----------------------+--------+-----------------+
| 48  | [332, 1075, 158, 625] | 403    | [159, 251]      |
+-----+-----------------------+--------+-----------------+
| 49  | [298, 1016, 141, 483] | -9     | [8, 506]        |
+-----+-----------------------+--------+-----------------+
| 50  | [180, 401, 78, 571]   | 35900  | [232, 902]      |
+-----+-----------------------+--------+-----------------+
| 51  | [202, 636, 91, 732]   | 2887   | [109, 128]      |
+-----+-----------------------+--------+-----------------+
| 52  | [210, 927, 97, 497]   | 1048   | [741, 995]      |
+-----+-----------------------+--------+-----------------+
| 53  | [188, 1483, 87, 645]  | 1783   | [817]           |
+-----+-----------------------+--------+-----------------+
| 54  | [309, 2086, 153, 708] | 12     | [272, 593, 735] |
+-----+-----------------------+--------+-----------------+
| 55  | [124, 2022, 56, 456]  | 333    | [600]           |
+-----+-----------------------+--------+-----------------+
| 56  | [305, 2406, 154, 965] | 211    | [308, 414]      |
+-----+-----------------------+--------+-----------------+
| 57  | [201, 1041, 97, 683]  | 7240   | [349]           |
+-----+-----------------------+--------+-----------------+
| 58  | [113, 564, 50, 986]   | 13692  | [734]           |
+-----+-----------------------+--------+-----------------+
| 59  | [141, 1485, 68, 452]  | 127351 | [452]           |
+-----+-----------------------+--------+-----------------+
| 60  | [119, 787, 56, 545]   | 7912   | [0]             |
+-----+-----------------------+--------+-----------------+
| 61  | [118, 701, 57, 858]   | 361    | [262]           |
+-----+-----------------------+--------+-----------------+
| 62  | [122, 2043, 62, 679]  | 1625   | [132, 645]      |
+-----+-----------------------+--------+-----------------+
| 63  | [327, 2245, 173, 846] | 279    | [299, 503]      |
+-----+-----------------------+--------+-----------------+
| 64  | [233, 1090, 125, 449] | 1829   | [676]           |
+-----+-----------------------+--------+-----------------+
| 65  | [283, 2296, 153, 641] | 543    | [395, 402]      |
+-----+-----------------------+--------+-----------------+
| 66  | [188, 2485, 103, 853] | 277    | [269, 838]      |
+-----+-----------------------+--------+-----------------+
| 67  | [269, 2283, 147, 602] | 189    | [284, 999]      |
+-----+-----------------------+--------+-----------------+
| 68  | [142, 911, 79, 794]   | 6685   | [48]            |
+-----+-----------------------+--------+-----------------+
| 69  | [107, 1160, 61, 814]  | 5410   | [658]           |
+-----+-----------------------+--------+-----------------+
| 70  | [264, 1895, 147, 746] | 433    | [300, 367]      |
+-----+-----------------------+--------+-----------------+
| 71  | [106, 1482, 64, 832]  | 2593   | [344]           |
+-----+-----------------------+--------+-----------------+
| 72  | [185, 1784, 109, 868] | 2100   | [707, 937]      |
+-----+-----------------------+--------+-----------------+
| 73  | [344, 933, 197, 556]  | 671    | [122, 482]      |
+-----+-----------------------+--------+-----------------+
| 74  | [347, 1376, 201, 958] | 562    | [255, 932]      |
+-----+-----------------------+--------+-----------------+
| 75  | [105, 495, 70, 699]   | 70118  | [851]           |
+-----+-----------------------+--------+-----------------+
| 76  | [177, 532, 109, 467]  | 27813  | [916]           |
+-----+-----------------------+--------+-----------------+
| 77  | [324, 314, 189, 693]  | 6753   | [936]           |
+-----+-----------------------+--------+-----------------+
| 78  | [295, 1323, 175, 840] | 801    | [546]           |
+-----+-----------------------+--------+-----------------+
| 79  | [58, 2272, 49, 615]   | 12552  | [417]           |
+-----+-----------------------+--------+-----------------+
| 80  | [98, 939, 70, 892]    | 10031  | [625]           |
+-----+-----------------------+--------+-----------------+
| 81  | [263, 2026, 160, 733] | 815    | [201, 388]      |
+-----+-----------------------+--------+-----------------+
| 82  | [211, 1967, 133, 538] | 1039   | [788, 988]      |
+-----+-----------------------+--------+-----------------+
| 83  | [166, 1799, 109, 486] | 620    | [483]           |
+-----+-----------------------+--------+-----------------+
| 84  | [288, 1060, 175, 534] | 7161   | [136]           |
+-----+-----------------------+--------+-----------------+
| 85  | [339, 1618, 203, 632] | 1655   | [603, 802]      |
+-----+-----------------------+--------+-----------------+
| 86  | [71, 625, 62, 975]    | 41138  | [864]           |
+-----+-----------------------+--------+-----------------+
| 87  | [254, 384, 163, 915]  | 34612  | [730]           |
+-----+-----------------------+--------+-----------------+
| 88  | [56, 1791, 58, 917]   | 6096   | [396]           |
+-----+-----------------------+--------+-----------------+
| 89  | [17, 1677, 38, 815]   | 44569  | [176]           |
+-----+-----------------------+--------+-----------------+
| 90  | [237, 1153, 157, 603] | 2390   | [110]           |
+-----+-----------------------+--------+-----------------+
| 91  | [186, 1893, 132, 748] | 6488   | [570]           |
+-----+-----------------------+--------+-----------------+
| 92  | [263, 1804, 175, 703] | 926    | [278, 880]      |
+-----+-----------------------+--------+-----------------+
| 93  | [23, 2251, 47, 523]   | 220    | [103]           |
+-----+-----------------------+--------+-----------------+
| 94  | [271, 2468, 184, 463] | 16     | [260, 302]      |
+-----+-----------------------+--------+-----------------+
| 95  | [40, 912, 60, 605]    | 24627  | [845]           |
+-----+-----------------------+--------+-----------------+
| 96  | [245, 994, 171, 837]  | 14347  | [982]           |
+-----+-----------------------+--------+-----------------+
| 97  | [101, 2481, 95, 701]  | 3851   | [859]           |
+-----+-----------------------+--------+-----------------+
| 98  | [126, 260, 108, 968]  | 9266   | [755]           |
+-----+-----------------------+--------+-----------------+
| 99  | [170, 1451, 133, 610] | 12530  | [661]           |
+-----+-----------------------+--------+-----------------+
| 100 | [346, 374, 227, 873]  | 9377   | [443, 850]      |
+-----+-----------------------+--------+-----------------+
| 101 | [152, 245, 124, 917]  | 33071  | [214]           |
+-----+-----------------------+--------+-----------------+
| 102 | [69, 2111, 82, 603]   | 3569   | [683]           |
+-----+-----------------------+--------+-----------------+
| 103 | [317, 2261, 218, 606] | 1953   | [577]           |
+-----+-----------------------+--------+-----------------+
| 104 | [68, 1334, 85, 772]   | 21443  | [426]           |
+-----+-----------------------+--------+-----------------+
| 105 | [298, 2380, 212, 463] | 311    | [679, 781]      |
+-----+-----------------------+--------+-----------------+
| 106 | [199, 1420, 158, 717] | 686    | [960]           |
+-----+-----------------------+--------+-----------------+
| 107 | [301, 1162, 213, 932] | 4006   | [432]           |
+-----+-----------------------+--------+-----------------+
| 108 | [243, 2066, 184, 576] | -106   | [654]           |
+-----+-----------------------+--------+-----------------+
| 109 | [143, 1403, 130, 976] | 12570  | [377]           |
+-----+-----------------------+--------+-----------------+
| 110 | [103, 1069, 110, 724] | 17699  | [398]           |
+-----+-----------------------+--------+-----------------+
| 111 | [60, 1380, 89, 992]   | 58367  | [424]           |
+-----+-----------------------+--------+-----------------+
| 112 | [48, 299, 83, 923]    | 66736  | [823]           |
+-----+-----------------------+--------+-----------------+
| 113 | [163, 139, 146, 544]  | 15153  | [541]           |
+-----+-----------------------+--------+-----------------+
| 114 | [11, 2433, 67, 829]   | 14389  | [473]           |
+-----+-----------------------+--------+-----------------+
| 115 | [13, 1198, 70, 555]   | 18326  | [712]           |
+-----+-----------------------+--------+-----------------+
| 116 | [174, 2413, 160, 597] | 6659   | [407]           |
+-----+-----------------------+--------+-----------------+
| 117 | [272, 818, 212, 564]  | 1063   | [709]           |
+-----+-----------------------+--------+-----------------+
| 118 | [60, 1976, 100, 796]  | 41652  | [862]           |
+-----+-----------------------+--------+-----------------+
| 119 | [245, 851, 201, 795]  | 1288   | [450]           |
+-----+-----------------------+--------+-----------------+
| 120 | [235, 1532, 197, 485] | 3424   | [969]           |
+-----+-----------------------+--------+-----------------+
| 121 | [68, 401, 107, 914]   | 121354 | [256]           |
+-----+-----------------------+--------+-----------------+
| 122 | [227, 2390, 195, 491] | 2266   | [163, 434]      |
+-----+-----------------------+--------+-----------------+
| 123 | [232, 2108, 198, 531] | 134    | [564]           |
+-----+-----------------------+--------+-----------------+
| 124 | [112, 432, 134, 854]  | 99942  | [291]           |
+-----+-----------------------+--------+-----------------+
| 125 | [236, 255, 203, 454]  | 27750  | [513]           |
+-----+-----------------------+--------+-----------------+
| 126 | [264, 2442, 220, 919] | 2256   | [228, 686]      |
+-----+-----------------------+--------+-----------------+
| 127 | [40, 1303, 100, 954]  | 92801  | [5]             |
+-----+-----------------------+--------+-----------------+
| 128 | [234, 1921, 207, 703] | 2885   | [927]           |
+-----+-----------------------+--------+-----------------+
| 129 | [256, 344, 218, 446]  | 50557  | [589]           |
+-----+-----------------------+--------+-----------------+
| 130 | [302, 767, 244, 496]  | 10741  | [780]           |
+-----+-----------------------+--------+-----------------+
| 131 | [116, 509, 144, 685]  | 81873  | [816]           |
+-----+-----------------------+--------+-----------------+
| 132 | [297, 772, 243, 834]  | 10513  | [534]           |
+-----+-----------------------+--------+-----------------+
| 133 | [259, 98, 224, 887]   | 2481   | [531]           |
+-----+-----------------------+--------+-----------------+
| 134 | [153, 1022, 168, 945] | 35930  | [389]           |
+-----+-----------------------+--------+-----------------+
| 135 | [281, 455, 240, 464]  | 27042  | [491]           |
+-----+-----------------------+--------+-----------------+
| 136 | [74, 778, 129, 882]   | 31065  | [223]           |
+-----+-----------------------+--------+-----------------+
| 137 | [172, 1723, 186, 969] | 5108   | [166]           |
+-----+-----------------------+--------+-----------------+
| 138 | [255, 967, 231, 843]  | 7019   | [697]           |
+-----+-----------------------+--------+-----------------+
| 139 | [107, 1268, 152, 849] | 667    | [264]           |
+-----+-----------------------+--------+-----------------+
| 140 | [37, 579, 115, 946]   | 124798 | [544]           |
+-----+-----------------------+--------+-----------------+
| 141 | [15, 1152, 104, 704]  | 67006  | [740]           |
+-----+-----------------------+--------+-----------------+
| 142 | [210, 1287, 210, 867] | 4372   | [989]           |
+-----+-----------------------+--------+-----------------+
| 143 | [120, 77, 162, 452]   | 51365  | [867]           |
+-----+-----------------------+--------+-----------------+
| 144 | [17, 1140, 108, 642]  | 73416  | [213]           |
+-----+-----------------------+--------+-----------------+
| 145 | [258, 1488, 239, 522] | 2909   | [348]           |
+-----+-----------------------+--------+-----------------+
| 146 | [152, 2322, 185, 732] | 33857  | [629]           |
+-----+-----------------------+--------+-----------------+
| 147 | [114, 1088, 164, 737] | 60458  | [883]           |
+-----+-----------------------+--------+-----------------+
| 148 | [176, 287, 197, 566]  | 108180 | [371]           |
+-----+-----------------------+--------+-----------------+
| 149 | [11, 983, 112, 627]   | 56104  | [749]           |
+-----+-----------------------+--------+-----------------+
| 150 | [262, 1194, 249, 950] | 4659   | [526]           |
+-----+-----------------------+--------+-----------------+
| 151 | [86, 2348, 157, 671]  | 317    | [599]           |
+-----+-----------------------+--------+-----------------+
| 152 | [67, 1171, 146, 499]  | 101113 | [352]           |
+-----+-----------------------+--------+-----------------+
| 153 | [107, 1982, 170, 762] | 32052  | [13]            |
+-----+-----------------------+--------+-----------------+
| 154 | [165, 1853, 202, 912] | 2762   | [102]           |
+-----+-----------------------+--------+-----------------+
| 155 | [218, 2143, 235, 550] | -166   | [527]           |
+-----+-----------------------+--------+-----------------+
| 156 | [120, 1445, 185, 879] | 44773  | [953]           |
+-----+-----------------------+--------+-----------------+
| 157 | [218, 433, 237, 953]  | 65366  | [572]           |
+-----+-----------------------+--------+-----------------+
| 158 | [40, 312, 143, 532]   | 214438 | [488]           |
+-----+-----------------------+--------+-----------------+
| 159 | [75, 498, 168, 897]   | 131269 | [597]           |
+-----+-----------------------+--------+-----------------+
| 160 | [181, 2285, 227, 722] | 1060   | [439]           |
+-----+-----------------------+--------+-----------------+
| 161 | [115, 21, 191, 594]   | 42723  | [737]           |
+-----+-----------------------+--------+-----------------+
| 162 | [57, 2326, 162, 591]  | 5576   | [400]           |
+-----+-----------------------+--------+-----------------+
| 163 | [175, 1656, 228, 466] | 5891   | [911]           |
+-----+-----------------------+--------+-----------------+
| 164 | [138, 436, 209, 658]  | 143134 | [551]           |
+-----+-----------------------+--------+-----------------+
| 165 | [75, 1035, 178, 711]  | 92767  | [171]           |
+-----+-----------------------+--------+-----------------+
| 166 | [199, 714, 246, 472]  | 53562  | [782]           |
+-----+-----------------------+--------+-----------------+
| 167 | [192, 90, 242, 719]   | 29722  | [779]           |
+-----+-----------------------+--------+-----------------+
| 168 | [59, 211, 175, 971]   | 93754  | [925]           |
+-----+-----------------------+--------+-----------------+
| 169 | [157, 1557, 233, 962] | 28804  | [472]           |
+-----+-----------------------+--------+-----------------+
| 170 | [138, 1657, 225, 794] | 16427  | [877]           |
+-----+-----------------------+--------+-----------------+
| 171 | [121, 566, 216, 783]  | 110932 | [901]           |
+-----+-----------------------+--------+-----------------+
| 172 | [44, 932, 175, 519]   | 32469  | [46]            |
+-----+-----------------------+--------+-----------------+
| 173 | [165, 1411, 241, 778] | 30501  | [336]           |
+-----+-----------------------+--------+-----------------+
| 174 | [141, 2038, 230, 898] | 13952  | [58]            |
+-----+-----------------------+--------+-----------------+
| 175 | [20, 326, 164, 653]   | 281172 | [88]            |
+-----+-----------------------+--------+-----------------+
| 176 | [161, 1337, 241, 907] | 36235  | [333]           |
+-----+-----------------------+--------+-----------------+
| 177 | [104, 1656, 212, 966] | 37146  | [24]            |
+-----+-----------------------+--------+-----------------+
| 178 | [161, 729, 243, 983]  | 73385  | [294]           |
+-----+-----------------------+--------+-----------------+
| 179 | [21, 1127, 168, 558]  | 151400 | [727]           |
+-----+-----------------------+--------+-----------------+
| 180 | [13, 1565, 165, 540]  | 9129   | [226]           |
+-----+-----------------------+--------+-----------------+
| 181 | [12, 100, 166, 917]   | 126349 | [791]           |
+-----+-----------------------+--------+-----------------+
| 182 | [125, 2234, 229, 978] | 787    | [909]           |
+-----+-----------------------+--------+-----------------+
| 183 | [85, 1127, 211, 774]  | 106782 | [451]           |
+-----+-----------------------+--------+-----------------+
| 184 | [78, 1791, 211, 893]  | 14116  | [814]           |
+-----+-----------------------+--------+-----------------+
| 185 | [19, 1440, 182, 551]  | 103405 | [622]           |
+-----+-----------------------+--------+-----------------+
| 186 | [10, 2083, 178, 747]  | 17188  | [618]           |
+-----+-----------------------+--------+-----------------+
| 187 | [42, 150, 198, 611]   | 136012 | [887]           |
+-----+-----------------------+--------+-----------------+
| 188 | [81, 1994, 224, 667]  | 45095  | [485]           |
+-----+-----------------------+--------+-----------------+
| 189 | [25, 687, 195, 620]   | 186245 | [592]           |
+-----+-----------------------+--------+-----------------+
| 190 | [50, 1566, 210, 852]  | 37900  | [179]           |
+-----+-----------------------+--------+-----------------+
| 191 | [56, 1214, 218, 692]  | 126131 | [905]           |
+-----+-----------------------+--------+-----------------+
| 192 | [46, 2190, 214, 728]  | 4390   | [134]           |
+-----+-----------------------+--------+-----------------+
| 193 | [61, 1190, 228, 821]  | 125609 | [161]           |
+-----+-----------------------+--------+-----------------+
| 194 | [27, 1808, 215, 854]  | 229    | [711]           |
+-----+-----------------------+--------+-----------------+
| 195 | [62, 77, 235, 807]    | 96765  | [731]           |
+-----+-----------------------+--------+-----------------+
| 196 | [75, 835, 245, 967]   | 95791  | [358]           |
+-----+-----------------------+--------+-----------------+
| 197 | [70, 330, 242, 883]   | 237409 | [94]            |
+-----+-----------------------+--------+-----------------+
| 198 | [65, 585, 243, 829]   | 183138 | [329]           |
+-----+-----------------------+--------+-----------------+
| 199 | [15, 1309, 217, 831]  | 144388 | [160]           |
+-----+-----------------------+--------+-----------------+

Total OF: 6809610
Runtime: 1
latencies: 0.0287584 - 0.0557543%
filter  : 0.904968 - 1.75447%
search  : 50.6468 - 98.1894%
--------------Times execs----------------
    0: 51.5807
 mean: 51.5807
   sd: 0

First ignored:

 mean: 0
   sd: 0

----------------------
