Number of jobs: 70

+-----+----------------------+----------+-----------------+
| Job | [Jr,Jb,Jl,Jo]        | OF       | Allocated nodes |
+-----+----------------------+----------+-----------------+
| 0   | [287, 974, 45, 56]   | 5674364  | [56]            |
+-----+----------------------+----------+-----------------+
| 1   | [249, 727, 35, 48]   | 43279    | [95]            |
+-----+----------------------+----------+-----------------+
| 2   | [263, 2382, 70, 46]  | 10947    | [8, 71, 85]     |
+-----+----------------------+----------+-----------------+
| 3   | [281, 2175, 83, 51]  | 2010723  | [51]            |
+-----+----------------------+----------+-----------------+
| 4   | [318, 1016, 106, 87] | 0        | []              |
+-----+----------------------+----------+-----------------+
| 5   | [184, 2030, 40, 87]  | 0        | []              |
+-----+----------------------+----------+-----------------+
| 6   | [204, 385, 57, 48]   | 37941    | [81]            |
+-----+----------------------+----------+-----------------+
| 7   | [347, 1192, 136, 66] | 0        | []              |
+-----+----------------------+----------+-----------------+
| 8   | [166, 1878, 40, 86]  | 6406091  | [86]            |
+-----+----------------------+----------+-----------------+
| 9   | [164, 448, 44, 95]   | 0        | []              |
+-----+----------------------+----------+-----------------+
| 10  | [186, 56, 77, 81]    | 0        | []              |
+-----+----------------------+----------+-----------------+
| 11  | [175, 971, 75, 98]   | 0        | []              |
+-----+----------------------+----------+-----------------+
| 12  | [188, 1981, 84, 91]  | 976031   | [91]            |
+-----+----------------------+----------+-----------------+
| 13  | [343, 1306, 168, 71] | 0        | []              |
+-----+----------------------+----------+-----------------+
| 14  | [251, 2073, 120, 86] | 0        | []              |
+-----+----------------------+----------+-----------------+
| 15  | [236, 2354, 125, 57] | 3761910  | [57]            |
+-----+----------------------+----------+-----------------+
| 16  | [90, 1184, 46, 79]   | 0        | []              |
+-----+----------------------+----------+-----------------+
| 17  | [186, 1896, 102, 64] | 0        | []              |
+-----+----------------------+----------+-----------------+
| 18  | [347, 1651, 199, 52] | 65662    | [52]            |
+-----+----------------------+----------+-----------------+
| 19  | [347, 900, 199, 65]  | 0        | []              |
+-----+----------------------+----------+-----------------+
| 20  | [245, 1036, 152, 57] | 0        | []              |
+-----+----------------------+----------+-----------------+
| 21  | [159, 1115, 111, 97] | 0        | []              |
+-----+----------------------+----------+-----------------+
| 22  | [193, 1308, 137, 69] | 0        | []              |
+-----+----------------------+----------+-----------------+
| 23  | [44, 1453, 60, 65]   | 7341986  | [65]            |
+-----+----------------------+----------+-----------------+
| 24  | [107, 1206, 94, 57]  | 0        | []              |
+-----+----------------------+----------+-----------------+
| 25  | [265, 2253, 181, 58] | 0        | []              |
+-----+----------------------+----------+-----------------+
| 26  | [111, 2365, 109, 87] | 0        | []              |
+-----+----------------------+----------+-----------------+
| 27  | [281, 492, 199, 57]  | 0        | []              |
+-----+----------------------+----------+-----------------+
| 28  | [306, 16, 213, 73]   | 5071308  | [73]            |
+-----+----------------------+----------+-----------------+
| 29  | [215, 569, 170, 49]  | 31512    | [24, 88]        |
+-----+----------------------+----------+-----------------+
| 30  | [30, 1734, 76, 45]   | 34493    | [53]            |
+-----+----------------------+----------+-----------------+
| 31  | [224, 1612, 182, 95] | 0        | []              |
+-----+----------------------+----------+-----------------+
| 32  | [319, 1359, 237, 60] | 0        | []              |
+-----+----------------------+----------+-----------------+
| 33  | [247, 547, 202, 61]  | 244511   | [61]            |
+-----+----------------------+----------+-----------------+
| 34  | [78, 2318, 118, 68]  | 7059536  | [68]            |
+-----+----------------------+----------+-----------------+
| 35  | [53, 1244, 105, 55]  | 10227545 | [55]            |
+-----+----------------------+----------+-----------------+
| 36  | [239, 2080, 206, 79] | 0        | []              |
+-----+----------------------+----------+-----------------+
| 37  | [58, 2356, 115, 80]  | 196472   | [80]            |
+-----+----------------------+----------+-----------------+
| 38  | [268, 2316, 229, 88] | 0        | []              |
+-----+----------------------+----------+-----------------+
| 39  | [244, 2129, 216, 73] | 0        | []              |
+-----+----------------------+----------+-----------------+
| 40  | [12, 2350, 95, 84]   | 1492659  | [84]            |
+-----+----------------------+----------+-----------------+
| 41  | [27, 888, 103, 70]   | 7093004  | [70]            |
+-----+----------------------+----------+-----------------+
| 42  | [168, 2472, 181, 56] | 0        | []              |
+-----+----------------------+----------+-----------------+
| 43  | [59, 1902, 124, 49]  | 21407    | [49]            |
+-----+----------------------+----------+-----------------+
| 44  | [257, 2002, 240, 52] | 0        | []              |
+-----+----------------------+----------+-----------------+
| 45  | [112, 412, 164, 79]  | 0        | []              |
+-----+----------------------+----------+-----------------+
| 46  | [182, 1716, 211, 62] | 8506843  | [62]            |
+-----+----------------------+----------+-----------------+
| 47  | [95, 98, 165, 44]    | 70805    | [40]            |
+-----+----------------------+----------+-----------------+
| 48  | [89, 1197, 166, 66]  | 0        | []              |
+-----+----------------------+----------+-----------------+
| 49  | [116, 1863, 186, 51] | 0        | []              |
+-----+----------------------+----------+-----------------+
| 50  | [109, 1433, 183, 90] | 8235806  | [90]            |
+-----+----------------------+----------+-----------------+
| 51  | [138, 143, 212, 66]  | 182381   | [66]            |
+-----+----------------------+----------+-----------------+
| 52  | [89, 2311, 191, 66]  | 0        | []              |
+-----+----------------------+----------+-----------------+
| 53  | [81, 2186, 192, 71]  | 0        | []              |
+-----+----------------------+----------+-----------------+
| 54  | [36, 2115, 170, 83]  | 4233976  | [83]            |
+-----+----------------------+----------+-----------------+
| 55  | [112, 1192, 211, 90] | 0        | []              |
+-----+----------------------+----------+-----------------+
| 56  | [159, 733, 238, 63]  | 14637296 | [63]            |
+-----+----------------------+----------+-----------------+
| 57  | [112, 263, 219, 74]  | 15756752 | [74]            |
+-----+----------------------+----------+-----------------+
| 58  | [29, 1847, 178, 45]  | 38020    | [5]             |
+-----+----------------------+----------+-----------------+
| 59  | [26, 455, 177, 69]   | 5870884  | [69]            |
+-----+----------------------+----------+-----------------+
| 60  | [126, 470, 231, 46]  | 91874    | [45]            |
+-----+----------------------+----------+-----------------+
| 61  | [71, 1662, 206, 93]  | 0        | []              |
+-----+----------------------+----------+-----------------+
| 62  | [123, 1043, 234, 64] | 0        | []              |
+-----+----------------------+----------+-----------------+
| 63  | [125, 2119, 237, 80] | 0        | []              |
+-----+----------------------+----------+-----------------+
| 64  | [117, 1879, 239, 66] | 0        | []              |
+-----+----------------------+----------+-----------------+
| 65  | [100, 713, 230, 44]  | 152527   | [25]            |
+-----+----------------------+----------+-----------------+
| 66  | [91, 1259, 238, 54]  | 1658707  | [54]            |
+-----+----------------------+----------+-----------------+
| 67  | [69, 75, 231, 91]    | 0        | []              |
+-----+----------------------+----------+-----------------+
| 68  | [100, 1524, 249, 74] | 0        | []              |
+-----+----------------------+----------+-----------------+
| 69  | [17, 413, 215, 80]   | 0        | []              |
+-----+----------------------+----------+-----------------+

Total OF: 117237252
Runtime: 1
latencies: 8.0581e-05 - 0.158243%
filter  : 0.045841 - 90.0216%
search  : 0.00498368 - 9.78686%
--------------Times execs----------------
    0: 0.0509222
 mean: 0.0509222
   sd: 0

First ignored:

 mean: 0
   sd: 0

----------------------
