Number of jobs: 20

+-----+----------------------+--------+-----------------+
| Job | [Jr,Jb,Jl,Jo]        | OF     | Allocated nodes |
+-----+----------------------+--------+-----------------+
| 0   | [347, 1192, 136, 66] | 21281  | [65, 87]        |
+-----+----------------------+--------+-----------------+
| 1   | [236, 2354, 125, 57] | 1466   | [9, 68]         |
+-----+----------------------+--------+-----------------+
| 2   | [347, 1651, 199, 52] | 1531   | [36, 57]        |
+-----+----------------------+--------+-----------------+
| 3   | [347, 900, 199, 65]  | 16744  | [37, 78]        |
+-----+----------------------+--------+-----------------+
| 4   | [245, 1036, 152, 57] | 59387  | [39]            |
+-----+----------------------+--------+-----------------+
| 5   | [111, 2365, 109, 87] | 11626  | [53]            |
+-----+----------------------+--------+-----------------+
| 6   | [306, 16, 213, 73]   | 62697  | [74]            |
+-----+----------------------+--------+-----------------+
| 7   | [215, 569, 170, 49]  | 33200  | [12]            |
+-----+----------------------+--------+-----------------+
| 8   | [319, 1359, 237, 60] | 12097  | [61]            |
+-----+----------------------+--------+-----------------+
| 9   | [247, 547, 202, 61]  | 30073  | [29]            |
+-----+----------------------+--------+-----------------+
| 10  | [58, 2356, 115, 80]  | 53935  | [6, 94]         |
+-----+----------------------+--------+-----------------+
| 11  | [27, 888, 103, 70]   | 82498  | [1]             |
+-----+----------------------+--------+-----------------+
| 12  | [112, 412, 164, 79]  | 34495  | [77]            |
+-----+----------------------+--------+-----------------+
| 13  | [116, 1863, 186, 51] | 2339   | [23]            |
+-----+----------------------+--------+-----------------+
| 14  | [112, 1192, 211, 90] | 3469   | [44]            |
+-----+----------------------+--------+-----------------+
| 15  | [126, 470, 231, 46]  | 123613 | [33]            |
+-----+----------------------+--------+-----------------+
| 16  | [123, 1043, 234, 64] | 62918  | [59]            |
+-----+----------------------+--------+-----------------+
| 17  | [100, 713, 230, 44]  | 104666 | [51]            |
+-----+----------------------+--------+-----------------+
| 18  | [91, 1259, 238, 54]  | 3194   | [49]            |
+-----+----------------------+--------+-----------------+
| 19  | [100, 1524, 249, 74] | 39802  | [32]            |
+-----+----------------------+--------+-----------------+

Total OF: 761031
Runtime: 1
latencies: 0.000131638 - 0.850977%
filter  : 0.00673244 - 43.522%
search  : 0.00859214 - 55.5441%
--------------Times execs----------------
    0: 0.015469
 mean: 0.015469
   sd: 0

First ignored:

 mean: 0
   sd: 0

----------------------
