Number of jobs: 20

+-----+----------------------+--------+-----------------+
| Job | [Jr,Jb,Jl,Jo]        | OF     | Allocated nodes |
+-----+----------------------+--------+-----------------+
| 0   | [347, 1192, 136, 66] | 62202  | [61]            |
+-----+----------------------+--------+-----------------+
| 1   | [236, 2354, 125, 57] | 23244  | [41]            |
+-----+----------------------+--------+-----------------+
| 2   | [347, 1651, 199, 52] | 5702   | [25]            |
+-----+----------------------+--------+-----------------+
| 3   | [347, 900, 199, 65]  | 63292  | [39]            |
+-----+----------------------+--------+-----------------+
| 4   | [245, 1036, 152, 57] | 199880 | [11]            |
+-----+----------------------+--------+-----------------+
| 5   | [111, 2365, 109, 87] | 11626  | [53]            |
+-----+----------------------+--------+-----------------+
| 6   | [306, 16, 213, 73]   | 62697  | [74]            |
+-----+----------------------+--------+-----------------+
| 7   | [215, 569, 170, 49]  | 33200  | [12]            |
+-----+----------------------+--------+-----------------+
| 8   | [319, 1359, 237, 60] | 19922  | [20]            |
+-----+----------------------+--------+-----------------+
| 9   | [247, 547, 202, 61]  | 30073  | [29]            |
+-----+----------------------+--------+-----------------+
| 10  | [58, 2356, 115, 80]  | 78628  | [95]            |
+-----+----------------------+--------+-----------------+
| 11  | [27, 888, 103, 70]   | 82498  | [1]             |
+-----+----------------------+--------+-----------------+
| 12  | [112, 412, 164, 79]  | 14059  | [57]            |
+-----+----------------------+--------+-----------------+
| 13  | [116, 1863, 186, 51] | 2339   | [23]            |
+-----+----------------------+--------+-----------------+
| 14  | [112, 1192, 211, 90] | 3469   | [44]            |
+-----+----------------------+--------+-----------------+
| 15  | [126, 470, 231, 46]  | 55034  | [37]            |
+-----+----------------------+--------+-----------------+
| 16  | [123, 1043, 234, 64] | 14156  | [6]             |
+-----+----------------------+--------+-----------------+
| 17  | [100, 713, 230, 44]  | 186    | [87]            |
+-----+----------------------+--------+-----------------+
| 18  | [91, 1259, 238, 54]  | 2057   | [36]            |
+-----+----------------------+--------+-----------------+
| 19  | [100, 1524, 249, 74] | 39802  | [32]            |
+-----+----------------------+--------+-----------------+

Total OF: 804066
Runtime: 1
latencies: 0.000112048 - 74.7286%
filter  : 2.5186e-05 - 16.7974%
search  : 6.628e-06 - 4.42043%
--------------Times execs----------------
    0: 0.00014994
 mean: 0.00014994
   sd: 0

First ignored:

 mean: 0
   sd: 0

----------------------
