Number of jobs: 70

+-----+----------------------+---------+-----------------+
| Job | [Jr,Jb,Jl,Jo]        | OF      | Allocated nodes |
+-----+----------------------+---------+-----------------+
| 0   | [287, 974, 45, 56]   | 55775   | [39]            |
+-----+----------------------+---------+-----------------+
| 1   | [249, 727, 35, 48]   | 3070747 | [48]            |
+-----+----------------------+---------+-----------------+
| 2   | [263, 2382, 70, 46]  | 86484   | [54]            |
+-----+----------------------+---------+-----------------+
| 3   | [281, 2175, 83, 51]  | 504632  | [79]            |
+-----+----------------------+---------+-----------------+
| 4   | [318, 1016, 106, 87] | 178363  | [11]            |
+-----+----------------------+---------+-----------------+
| 5   | [184, 2030, 40, 87]  | 67814   | [46]            |
+-----+----------------------+---------+-----------------+
| 6   | [204, 385, 57, 48]   | 8097883 | [14]            |
+-----+----------------------+---------+-----------------+
| 7   | [347, 1192, 136, 66] | 62202   | [61]            |
+-----+----------------------+---------+-----------------+
| 8   | [166, 1878, 40, 86]  | 2056691 | [86]            |
+-----+----------------------+---------+-----------------+
| 9   | [164, 448, 44, 95]   | 3435067 | [50]            |
+-----+----------------------+---------+-----------------+
| 10  | [186, 56, 77, 81]    | 62519   | [78]            |
+-----+----------------------+---------+-----------------+
| 11  | [175, 971, 75, 98]   | 5556    | [51]            |
+-----+----------------------+---------+-----------------+
| 12  | [188, 1981, 84, 91]  | 359148  | [95]            |
+-----+----------------------+---------+-----------------+
| 13  | [343, 1306, 168, 71] | 32469   | [20]            |
+-----+----------------------+---------+-----------------+
| 14  | [251, 2073, 120, 86] | 120624  | [97]            |
+-----+----------------------+---------+-----------------+
| 15  | [236, 2354, 125, 57] | 23244   | [41]            |
+-----+----------------------+---------+-----------------+
| 16  | [90, 1184, 46, 79]   | 6954    | [44]            |
+-----+----------------------+---------+-----------------+
| 17  | [186, 1896, 102, 64] | 1475290 | [56]            |
+-----+----------------------+---------+-----------------+
| 18  | [347, 1651, 199, 52] | 5702    | [25]            |
+-----+----------------------+---------+-----------------+
| 19  | [347, 900, 199, 65]  | 236526  | [84]            |
+-----+----------------------+---------+-----------------+
| 20  | [245, 1036, 152, 57] | 220241  | [81]            |
+-----+----------------------+---------+-----------------+
| 21  | [159, 1115, 111, 97] | 625     | [1]             |
+-----+----------------------+---------+-----------------+
| 22  | [193, 1308, 137, 69] | 142557  | [13]            |
+-----+----------------------+---------+-----------------+
| 23  | [44, 1453, 60, 65]   | 194777  | [23]            |
+-----+----------------------+---------+-----------------+
| 24  | [107, 1206, 94, 57]  | 5154    | [36]            |
+-----+----------------------+---------+-----------------+
| 25  | [265, 2253, 181, 58] | 78252   | [22]            |
+-----+----------------------+---------+-----------------+
| 26  | [111, 2365, 109, 87] | 11626   | [53]            |
+-----+----------------------+---------+-----------------+
| 27  | [281, 492, 199, 57]  | 35516   | [29]            |
+-----+----------------------+---------+-----------------+
| 28  | [306, 16, 213, 73]   | 62697   | [74]            |
+-----+----------------------+---------+-----------------+
| 29  | [215, 569, 170, 49]  | 33200   | [12]            |
+-----+----------------------+---------+-----------------+
| 30  | [30, 1734, 76, 45]   | 3260453 | [76]            |
+-----+----------------------+---------+-----------------+
| 31  | [224, 1612, 182, 95] | 4440    | [32]            |
+-----+----------------------+---------+-----------------+
| 32  | [319, 1359, 237, 60] | 62042   | [52]            |
+-----+----------------------+---------+-----------------+
| 33  | [247, 547, 202, 61]  | 56005   | [33]            |
+-----+----------------------+---------+-----------------+
| 34  | [78, 2318, 118, 68]  | 221386  | [19]            |
+-----+----------------------+---------+-----------------+
| 35  | [53, 1244, 105, 55]  | 8701    | [49]            |
+-----+----------------------+---------+-----------------+
| 36  | [239, 2080, 206, 79] | 468742  | [92]            |
+-----+----------------------+---------+-----------------+
| 37  | [58, 2356, 115, 80]  | 537661  | [8]             |
+-----+----------------------+---------+-----------------+
| 38  | [268, 2316, 229, 88] | 249611  | [72]            |
+-----+----------------------+---------+-----------------+
| 39  | [244, 2129, 216, 73] | 687053  | [0]             |
+-----+----------------------+---------+-----------------+
| 40  | [12, 2350, 95, 84]   | 167750  | [35]            |
+-----+----------------------+---------+-----------------+
| 41  | [27, 888, 103, 70]   | 85333   | [6]             |
+-----+----------------------+---------+-----------------+
| 42  | [168, 2472, 181, 56] | 478128  | [99]            |
+-----+----------------------+---------+-----------------+
| 43  | [59, 1902, 124, 49]  | 43935   | [68]            |
+-----+----------------------+---------+-----------------+
| 44  | [257, 2002, 240, 52] | 1779382 | [40]            |
+-----+----------------------+---------+-----------------+
| 45  | [112, 412, 164, 79]  | 14059   | [57]            |
+-----+----------------------+---------+-----------------+
| 46  | [182, 1716, 211, 62] | 105062  | [16]            |
+-----+----------------------+---------+-----------------+
| 47  | [95, 98, 165, 44]    | 33070   | [9]             |
+-----+----------------------+---------+-----------------+
| 48  | [89, 1197, 166, 66]  | 10693   | [59]            |
+-----+----------------------+---------+-----------------+
| 49  | [116, 1863, 186, 51] | 182564  | [7]             |
+-----+----------------------+---------+-----------------+
| 50  | [109, 1433, 183, 90] | 112588  | [18]            |
+-----+----------------------+---------+-----------------+
| 51  | [138, 143, 212, 66]  | 100467  | [77]            |
+-----+----------------------+---------+-----------------+
| 52  | [89, 2311, 191, 66]  | 850220  | [24]            |
+-----+----------------------+---------+-----------------+
| 53  | [81, 2186, 192, 71]  | 1079483 | [42]            |
+-----+----------------------+---------+-----------------+
| 54  | [36, 2115, 170, 83]  | 1353061 | [62]            |
+-----+----------------------+---------+-----------------+
| 55  | [112, 1192, 211, 90] | 15237   | [66]            |
+-----+----------------------+---------+-----------------+
| 56  | [159, 733, 238, 63]  | 280192  | [10]            |
+-----+----------------------+---------+-----------------+
| 57  | [112, 263, 219, 74]  | 114625  | [65]            |
+-----+----------------------+---------+-----------------+
| 58  | [29, 1847, 178, 45]  | 4600    | [30]            |
+-----+----------------------+---------+-----------------+
| 59  | [26, 455, 177, 69]   | 76153   | [37]            |
+-----+----------------------+---------+-----------------+
| 60  | [126, 470, 231, 46]  | 711813  | [70]            |
+-----+----------------------+---------+-----------------+
| 61  | [71, 1662, 206, 93]  | 2608204 | [73]            |
+-----+----------------------+---------+-----------------+
| 62  | [123, 1043, 234, 64] | 342197  | [34]            |
+-----+----------------------+---------+-----------------+
| 63  | [125, 2119, 237, 80] | 1622548 | [85]            |
+-----+----------------------+---------+-----------------+
| 64  | [117, 1879, 239, 66] | 2684248 | [60]            |
+-----+----------------------+---------+-----------------+
| 65  | [100, 713, 230, 44]  | 186     | [87]            |
+-----+----------------------+---------+-----------------+
| 66  | [91, 1259, 238, 54]  | 5192263 | [89]            |
+-----+----------------------+---------+-----------------+
| 67  | [69, 75, 231, 91]    | 216727  | [17]            |
+-----+----------------------+---------+-----------------+
| 68  | [100, 1524, 249, 74] | 4119919 | [31]            |
+-----+----------------------+---------+-----------------+
| 69  | [17, 413, 215, 80]   | 867386  | [94]            |
+-----+----------------------+---------+-----------------+

Total OF: 51536522
Runtime: 1
latencies: 0.0003427 - 74.9427%
filter  : 8.0526e-05 - 17.6097%
search  : 1.5913e-05 - 3.4799%
--------------Times execs----------------
    0: 0.000457283
 mean: 0.000457283
   sd: 0

First ignored:

 mean: 0
   sd: 0

----------------------
