Number of jobs: 70

+-----+----------------------+----------+-----------------+
| Job | [Jr,Jb,Jl,Jo]        | OF       | Allocated nodes |
+-----+----------------------+----------+-----------------+
| 0   | [287, 974, 45, 56]   | 55775    | [39]            |
+-----+----------------------+----------+-----------------+
| 1   | [249, 727, 35, 48]   | 3070747  | [48]            |
+-----+----------------------+----------+-----------------+
| 2   | [263, 2382, 70, 46]  | 7837     | [6, 49]         |
+-----+----------------------+----------+-----------------+
| 3   | [281, 2175, 83, 51]  | 18498    | [44, 51]        |
+-----+----------------------+----------+-----------------+
| 4   | [318, 1016, 106, 87] | 15692    | [57, 87]        |
+-----+----------------------+----------+-----------------+
| 5   | [184, 2030, 40, 87]  | 67814    | [46]            |
+-----+----------------------+----------+-----------------+
| 6   | [204, 385, 57, 48]   | 8097883  | [14]            |
+-----+----------------------+----------+-----------------+
| 7   | [347, 1192, 136, 66] | 59988    | [33, 77]        |
+-----+----------------------+----------+-----------------+
| 8   | [166, 1878, 40, 86]  | 2056691  | [86]            |
+-----+----------------------+----------+-----------------+
| 9   | [164, 448, 44, 95]   | 3435067  | [50]            |
+-----+----------------------+----------+-----------------+
| 10  | [186, 56, 77, 81]    | 62519    | [78]            |
+-----+----------------------+----------+-----------------+
| 11  | [175, 971, 75, 98]   | 26195    | [1]             |
+-----+----------------------+----------+-----------------+
| 12  | [188, 1981, 84, 91]  | 359148   | [95]            |
+-----+----------------------+----------+-----------------+
| 13  | [343, 1306, 168, 71] | 19954    | [61]            |
+-----+----------------------+----------+-----------------+
| 14  | [251, 2073, 120, 86] | 120624   | [97]            |
+-----+----------------------+----------+-----------------+
| 15  | [236, 2354, 125, 57] | 1466     | [9, 68]         |
+-----+----------------------+----------+-----------------+
| 16  | [90, 1184, 46, 79]   | 13392    | [59]            |
+-----+----------------------+----------+-----------------+
| 17  | [186, 1896, 102, 64] | 282718   | [3, 30]         |
+-----+----------------------+----------+-----------------+
| 18  | [347, 1651, 199, 52] | 5702     | [25]            |
+-----+----------------------+----------+-----------------+
| 19  | [347, 900, 199, 65]  | 107838   | [37, 65]        |
+-----+----------------------+----------+-----------------+
| 20  | [245, 1036, 152, 57] | 199880   | [11]            |
+-----+----------------------+----------+-----------------+
| 21  | [159, 1115, 111, 97] | 39211    | [70]            |
+-----+----------------------+----------+-----------------+
| 22  | [193, 1308, 137, 69] | 46082    | [81]            |
+-----+----------------------+----------+-----------------+
| 23  | [44, 1453, 60, 65]   | 123167   | [20]            |
+-----+----------------------+----------+-----------------+
| 24  | [107, 1206, 94, 57]  | 5154     | [36]            |
+-----+----------------------+----------+-----------------+
| 25  | [265, 2253, 181, 58] | 33950    | [29, 80]        |
+-----+----------------------+----------+-----------------+
| 26  | [111, 2365, 109, 87] | 11626    | [53]            |
+-----+----------------------+----------+-----------------+
| 27  | [281, 492, 199, 57]  | 43028    | [12]            |
+-----+----------------------+----------+-----------------+
| 28  | [306, 16, 213, 73]   | 62697    | [74]            |
+-----+----------------------+----------+-----------------+
| 29  | [215, 569, 170, 49]  | 295809   | [10]            |
+-----+----------------------+----------+-----------------+
| 30  | [30, 1734, 76, 45]   | 38382    | [23]            |
+-----+----------------------+----------+-----------------+
| 31  | [224, 1612, 182, 95] | 4440     | [32]            |
+-----+----------------------+----------+-----------------+
| 32  | [319, 1359, 237, 60] | 62042    | [52]            |
+-----+----------------------+----------+-----------------+
| 33  | [247, 547, 202, 61]  | 660103   | [17, 98]        |
+-----+----------------------+----------+-----------------+
| 34  | [78, 2318, 118, 68]  | 65222    | [41]            |
+-----+----------------------+----------+-----------------+
| 35  | [53, 1244, 105, 55]  | 11424    | [66]            |
+-----+----------------------+----------+-----------------+
| 36  | [239, 2080, 206, 79] | 206212   | [22]            |
+-----+----------------------+----------+-----------------+
| 37  | [58, 2356, 115, 80]  | 187263   | [54]            |
+-----+----------------------+----------+-----------------+
| 38  | [268, 2316, 229, 88] | 97088    | [19]            |
+-----+----------------------+----------+-----------------+
| 39  | [244, 2129, 216, 73] | 404328   | [92]            |
+-----+----------------------+----------+-----------------+
| 40  | [12, 2350, 95, 84]   | 167750   | [35]            |
+-----+----------------------+----------+-----------------+
| 41  | [27, 888, 103, 70]   | 550140   | [34]            |
+-----+----------------------+----------+-----------------+
| 42  | [168, 2472, 181, 56] | 154450   | [72]            |
+-----+----------------------+----------+-----------------+
| 43  | [59, 1902, 124, 49]  | 96318    | [16]            |
+-----+----------------------+----------+-----------------+
| 44  | [257, 2002, 240, 52] | 573590   | [84, 94]        |
+-----+----------------------+----------+-----------------+
| 45  | [112, 412, 164, 79]  | 1434138  | [13]            |
+-----+----------------------+----------+-----------------+
| 46  | [182, 1716, 211, 62] | 157432   | [7]             |
+-----+----------------------+----------+-----------------+
| 47  | [95, 98, 165, 44]    | 382156   | [27]            |
+-----+----------------------+----------+-----------------+
| 48  | [89, 1197, 166, 66]  | 306570   | [18]            |
+-----+----------------------+----------+-----------------+
| 49  | [116, 1863, 186, 51] | 1099744  | [79]            |
+-----+----------------------+----------+-----------------+
| 50  | [109, 1433, 183, 90] | 2301283  | [8]             |
+-----+----------------------+----------+-----------------+
| 51  | [138, 143, 212, 66]  | 7628944  | [0]             |
+-----+----------------------+----------+-----------------+
| 52  | [89, 2311, 191, 66]  | 681382   | [56]            |
+-----+----------------------+----------+-----------------+
| 53  | [81, 2186, 192, 71]  | 971847   | [99]            |
+-----+----------------------+----------+-----------------+
| 54  | [36, 2115, 170, 83]  | 1234675  | [42]            |
+-----+----------------------+----------+-----------------+
| 55  | [112, 1192, 211, 90] | 4340283  | [73]            |
+-----+----------------------+----------+-----------------+
| 56  | [159, 733, 238, 63]  | 6752320  | [40]            |
+-----+----------------------+----------+-----------------+
| 57  | [112, 263, 219, 74]  | 9787579  | [85]            |
+-----+----------------------+----------+-----------------+
| 58  | [29, 1847, 178, 45]  | 489981   | [47]            |
+-----+----------------------+----------+-----------------+
| 59  | [26, 455, 177, 69]   | 7723553  | [24]            |
+-----+----------------------+----------+-----------------+
| 60  | [126, 470, 231, 46]  | 9038844  | [76]            |
+-----+----------------------+----------+-----------------+
| 61  | [71, 1662, 206, 93]  | 3286808  | [83]            |
+-----+----------------------+----------+-----------------+
| 62  | [123, 1043, 234, 64] | 6119494  | [60]            |
+-----+----------------------+----------+-----------------+
| 63  | [125, 2119, 237, 80] | 2105747  | [31]            |
+-----+----------------------+----------+-----------------+
| 64  | [117, 1879, 239, 66] | 2820540  | [89]            |
+-----+----------------------+----------+-----------------+
| 65  | [100, 713, 230, 44]  | 8210863  | [38]            |
+-----+----------------------+----------+-----------------+
| 66  | [91, 1259, 238, 54]  | 5452481  | [96]            |
+-----+----------------------+----------+-----------------+
| 67  | [69, 75, 231, 91]    | 13473088 | [4]             |
+-----+----------------------+----------+-----------------+
| 68  | [100, 1524, 249, 74] | 5119274  | [55]            |
+-----+----------------------+----------+-----------------+
| 69  | [17, 413, 215, 80]   | 8210048  | [62]            |
+-----+----------------------+----------+-----------------+

Total OF: 131153978
Runtime: 1
latencies: 0.000407967 - 11.2331%
filter  : 0.00262625 - 72.3118%
search  : 0.000576345 - 15.8692%
--------------Times execs----------------
    0: 0.00363184
 mean: 0.00363184
   sd: 0

First ignored:

 mean: 0
   sd: 0

----------------------
