Number of jobs: 200

+-----+-----------------------+--------+-----------------+
| Job | [Jr,Jb,Jl,Jo]         | OF     | Allocated nodes |
+-----+-----------------------+--------+-----------------+
| 0   | [350, 1967, 47, 509]  | 5181   | [7, 322]        |
+-----+-----------------------+--------+-----------------+
| 1   | [305, 1313, 36, 682]  | 43925  | [174]           |
+-----+-----------------------+--------+-----------------+
| 2   | [298, 214, 34, 704]   | 679596 | [353]           |
+-----+-----------------------+--------+-----------------+
| 3   | [297, 659, 51, 829]   | 233506 | [136]           |
+-----+-----------------------+--------+-----------------+
| 4   | [342, 2111, 78, 935]  | 1916   | [238]           |
+-----+-----------------------+--------+-----------------+
| 5   | [275, 1685, 42, 924]  | 9905   | [127]           |
+-----+-----------------------+--------+-----------------+
| 6   | [339, 1601, 77, 687]  | 9217   | [0, 149]        |
+-----+-----------------------+--------+-----------------+
| 7   | [336, 1458, 76, 932]  | 11100  | [254]           |
+-----+-----------------------+--------+-----------------+
| 8   | [325, 1335, 71, 784]  | 2124   | [333]           |
+-----+-----------------------+--------+-----------------+
| 9   | [343, 1191, 81, 839]  | 2707   | [352]           |
+-----+-----------------------+--------+-----------------+
| 10  | [279, 1165, 52, 814]  | 4615   | [397]           |
+-----+-----------------------+--------+-----------------+
| 11  | [339, 2374, 88, 472]  | 2241   | [277]           |
+-----+-----------------------+--------+-----------------+
| 12  | [284, 79, 59, 447]    | 15405  | [137]           |
+-----+-----------------------+--------+-----------------+
| 13  | [346, 2116, 99, 613]  | 4311   | [270]           |
+-----+-----------------------+--------+-----------------+
| 14  | [318, 2404, 85, 930]  | 566    | [104, 172]      |
+-----+-----------------------+--------+-----------------+
| 15  | [260, 1723, 58, 668]  | 6708   | [369]           |
+-----+-----------------------+--------+-----------------+
| 16  | [275, 1364, 68, 763]  | 6714   | [424]           |
+-----+-----------------------+--------+-----------------+
| 17  | [235, 810, 50, 748]   | 19741  | [382]           |
+-----+-----------------------+--------+-----------------+
| 18  | [307, 905, 89, 810]   | 8133   | [358]           |
+-----+-----------------------+--------+-----------------+
| 19  | [305, 2382, 90, 802]  | 879    | [339]           |
+-----+-----------------------+--------+-----------------+
| 20  | [339, 456, 107, 530]  | 1959   | [241]           |
+-----+-----------------------+--------+-----------------+
| 21  | [335, 1502, 106, 798] | 4781   | [84]            |
+-----+-----------------------+--------+-----------------+
| 22  | [217, 540, 47, 630]   | 26996  | [203]           |
+-----+-----------------------+--------+-----------------+
| 23  | [292, 1101, 88, 549]  | 2194   | [389]           |
+-----+-----------------------+--------+-----------------+
| 24  | [242, 986, 63, 824]   | 6192   | [15]            |
+-----+-----------------------+--------+-----------------+
| 25  | [266, 1656, 79, 464]  | 46514  | [261]           |
+-----+-----------------------+--------+-----------------+
| 26  | [213, 2146, 52, 606]  | 1367   | [460]           |
+-----+-----------------------+--------+-----------------+
| 27  | [235, 2328, 64, 489]  | 31145  | [191]           |
+-----+-----------------------+--------+-----------------+
| 28  | [241, 1744, 68, 632]  | 24647  | [167]           |
+-----+-----------------------+--------+-----------------+
| 29  | [285, 1921, 94, 979]  | 3800   | [479]           |
+-----+-----------------------+--------+-----------------+
| 30  | [294, 611, 98, 474]   | 4595   | [291]           |
+-----+-----------------------+--------+-----------------+
| 31  | [203, 2439, 51, 936]  | 3146   | [125]           |
+-----+-----------------------+--------+-----------------+
| 32  | [179, 1021, 38, 533]  | 3870   | [263]           |
+-----+-----------------------+--------+-----------------+
| 33  | [176, 973, 48, 788]   | 1279   | [411]           |
+-----+-----------------------+--------+-----------------+
| 34  | [143, 680, 32, 601]   | 143892 | [503]           |
+-----+-----------------------+--------+-----------------+
| 35  | [246, 1642, 90, 643]  | 18383  | [159, 395]      |
+-----+-----------------------+--------+-----------------+
| 36  | [239, 127, 88, 897]   | 4350   | [487]           |
+-----+-----------------------+--------+-----------------+
| 37  | [278, 1996, 111, 586] | 3121   | [131]           |
+-----+-----------------------+--------+-----------------+
| 38  | [346, 2337, 149, 630] | 2717   | [1, 110]        |
+-----+-----------------------+--------+-----------------+
| 39  | [308, 2179, 131, 821] | 230    | [102, 391]      |
+-----+-----------------------+--------+-----------------+
| 40  | [244, 1625, 101, 552] | 2272   | [17, 47]        |
+-----+-----------------------+--------+-----------------+
| 41  | [121, 2093, 38, 822]  | 47821  | [439]           |
+-----+-----------------------+--------+-----------------+
| 42  | [200, 2036, 81, 661]  | 3485   | [109, 269]      |
+-----+-----------------------+--------+-----------------+
| 43  | [214, 678, 88, 728]   | 4553   | [163]           |
+-----+-----------------------+--------+-----------------+
| 44  | [195, 1792, 79, 510]  | 22419  | [140]           |
+-----+-----------------------+--------+-----------------+
| 45  | [271, 575, 121, 686]  | 282    | [258]           |
+-----+-----------------------+--------+-----------------+
| 46  | [346, 1438, 163, 612] | 780    | [251, 349]      |
+-----+-----------------------+--------+-----------------+
| 47  | [232, 577, 101, 868]  | 15410  | [158, 178]      |
+-----+-----------------------+--------+-----------------+
| 48  | [332, 1075, 158, 625] | 1662   | [157, 228]      |
+-----+-----------------------+--------+-----------------+
| 49  | [298, 1016, 141, 483] | 1097   | [48, 272]       |
+-----+-----------------------+--------+-----------------+
| 50  | [180, 401, 78, 571]   | 60879  | [256]           |
+-----+-----------------------+--------+-----------------+
| 51  | [202, 636, 91, 732]   | 52627  | [223]           |
+-----+-----------------------+--------+-----------------+
| 52  | [210, 927, 97, 497]   | 2069   | [46]            |
+-----+-----------------------+--------+-----------------+
| 53  | [188, 1483, 87, 645]  | 3040   | [300]           |
+-----+-----------------------+--------+-----------------+
| 54  | [309, 2086, 153, 708] | 220    | [303]           |
+-----+-----------------------+--------+-----------------+
| 55  | [124, 2022, 56, 456]  | 27879  | [197]           |
+-----+-----------------------+--------+-----------------+
| 56  | [305, 2406, 154, 965] | 211    | [308, 414]      |
+-----+-----------------------+--------+-----------------+
| 57  | [201, 1041, 97, 683]  | 11316  | [398]           |
+-----+-----------------------+--------+-----------------+
| 58  | [113, 564, 50, 986]   | 67716  | [275]           |
+-----+-----------------------+--------+-----------------+
| 59  | [141, 1485, 68, 452]  | 127351 | [452]           |
+-----+-----------------------+--------+-----------------+
| 60  | [119, 787, 56, 545]   | 61060  | [534]           |
+-----+-----------------------+--------+-----------------+
| 61  | [118, 701, 57, 858]   | 361    | [262]           |
+-----+-----------------------+--------+-----------------+
| 62  | [122, 2043, 62, 679]  | 11169  | [128, 179]      |
+-----+-----------------------+--------+-----------------+
| 63  | [327, 2245, 173, 846] | 3181   | [416]           |
+-----+-----------------------+--------+-----------------+
| 64  | [233, 1090, 125, 449] | 8882   | [8, 232]        |
+-----+-----------------------+--------+-----------------+
| 65  | [283, 2296, 153, 641] | 126    | [282, 301]      |
+-----+-----------------------+--------+-----------------+
| 66  | [188, 2485, 103, 853] | 1861   | [185, 344]      |
+-----+-----------------------+--------+-----------------+
| 67  | [269, 2283, 147, 602] | 3812   | [577]           |
+-----+-----------------------+--------+-----------------+
| 68  | [142, 911, 79, 794]   | 41744  | [302]           |
+-----+-----------------------+--------+-----------------+
| 69  | [107, 1160, 61, 814]  | 5867   | [299]           |
+-----+-----------------------+--------+-----------------+
| 70  | [264, 1895, 147, 746] | 2308   | [201, 219]      |
+-----+-----------------------+--------+-----------------+
| 71  | [106, 1482, 64, 832]  | 3977   | [502]           |
+-----+-----------------------+--------+-----------------+
| 72  | [185, 1784, 109, 868] | 2335   | [23, 240]       |
+-----+-----------------------+--------+-----------------+
| 73  | [344, 933, 197, 556]  | 2621   | [27]            |
+-----+-----------------------+--------+-----------------+
| 74  | [347, 1376, 201, 958] | 15843  | [35, 402]       |
+-----+-----------------------+--------+-----------------+
| 75  | [105, 495, 70, 699]   | 55110  | [582]           |
+-----+-----------------------+--------+-----------------+
| 76  | [177, 532, 109, 467]  | 49272  | [544]           |
+-----+-----------------------+--------+-----------------+
| 77  | [324, 314, 189, 693]  | 22687  | [132, 214]      |
+-----+-----------------------+--------+-----------------+
| 78  | [295, 1323, 175, 840] | 801    | [546]           |
+-----+-----------------------+--------+-----------------+
| 79  | [58, 2272, 49, 615]   | 12552  | [417]           |
+-----+-----------------------+--------+-----------------+
| 80  | [98, 939, 70, 892]    | 32388  | [595]           |
+-----+-----------------------+--------+-----------------+
| 81  | [263, 2026, 160, 733] | 1004   | [13]            |
+-----+-----------------------+--------+-----------------+
| 82  | [211, 1967, 133, 538] | 19027  | [122, 226]      |
+-----+-----------------------+--------+-----------------+
| 83  | [166, 1799, 109, 486] | 620    | [483]           |
+-----+-----------------------+--------+-----------------+
| 84  | [288, 1060, 175, 534] | 8129   | [171]           |
+-----+-----------------------+--------+-----------------+
| 85  | [339, 1618, 203, 632] | 33857  | [70, 278]       |
+-----+-----------------------+--------+-----------------+
| 86  | [71, 625, 62, 975]    | 115664 | [597]           |
+-----+-----------------------+--------+-----------------+
| 87  | [254, 384, 163, 915]  | 44131  | [589]           |
+-----+-----------------------+--------+-----------------+
| 88  | [56, 1791, 58, 917]   | 6096   | [396]           |
+-----+-----------------------+--------+-----------------+
| 89  | [17, 1677, 38, 815]   | 44569  | [176]           |
+-----+-----------------------+--------+-----------------+
| 90  | [237, 1153, 157, 603] | 3546   | [213]           |
+-----+-----------------------+--------+-----------------+
| 91  | [186, 1893, 132, 748] | 250    | [255, 264]      |
+-----+-----------------------+--------+-----------------+
| 92  | [263, 1804, 175, 703] | 7460   | [547]           |
+-----+-----------------------+--------+-----------------+
| 93  | [23, 2251, 47, 523]   | 220    | [103]           |
+-----+-----------------------+--------+-----------------+
| 94  | [271, 2468, 184, 463] | 1671   | [58, 367]       |
+-----+-----------------------+--------+-----------------+
| 95  | [40, 912, 60, 605]    | 173286 | [520]           |
+-----+-----------------------+--------+-----------------+
| 96  | [245, 994, 171, 837]  | 21478  | [204]           |
+-----+-----------------------+--------+-----------------+
| 97  | [101, 2481, 95, 701]  | 6246   | [407]           |
+-----+-----------------------+--------+-----------------+
| 98  | [126, 260, 108, 968]  | 55531  | [550]           |
+-----+-----------------------+--------+-----------------+
| 99  | [170, 1451, 133, 610] | 12550  | [5]             |
+-----+-----------------------+--------+-----------------+
| 100 | [346, 374, 227, 873]  | 22731  | [491]           |
+-----+-----------------------+--------+-----------------+
| 101 | [152, 245, 124, 917]  | 63220  | [513]           |
+-----+-----------------------+--------+-----------------+
| 102 | [69, 2111, 82, 603]   | 5540   | [618]           |
+-----+-----------------------+--------+-----------------+
| 103 | [317, 2261, 218, 606] | 10962  | [426, 450]      |
+-----+-----------------------+--------+-----------------+
| 104 | [68, 1334, 85, 772]   | 1166   | [260]           |
+-----+-----------------------+--------+-----------------+
| 105 | [298, 2380, 212, 463] | 11192  | [372, 431]      |
+-----+-----------------------+--------+-----------------+
| 106 | [199, 1420, 158, 717] | 2832   | [377]           |
+-----+-----------------------+--------+-----------------+
| 107 | [301, 1162, 213, 932] | 4006   | [432]           |
+-----+-----------------------+--------+-----------------+
| 108 | [243, 2066, 184, 576] | 1663   | [564]           |
+-----+-----------------------+--------+-----------------+
| 109 | [143, 1403, 130, 976] | 6545   | [475]           |
+-----+-----------------------+--------+-----------------+
| 110 | [103, 1069, 110, 724] | 73889  | [526]           |
+-----+-----------------------+--------+-----------------+
| 111 | [60, 1380, 89, 992]   | 78600  | [348]           |
+-----+-----------------------+--------+-----------------+
| 112 | [48, 299, 83, 923]    | 24032  | [524]           |
+-----+-----------------------+--------+-----------------+
| 113 | [163, 139, 146, 544]  | 4060   | [443]           |
+-----+-----------------------+--------+-----------------+
| 114 | [11, 2433, 67, 829]   | 14389  | [473]           |
+-----+-----------------------+--------+-----------------+
| 115 | [13, 1198, 70, 555]   | 34469  | [446]           |
+-----+-----------------------+--------+-----------------+
| 116 | [174, 2413, 160, 597] | 2449   | [24, 284]       |
+-----+-----------------------+--------+-----------------+
| 117 | [272, 818, 212, 564]  | 26591  | [519]           |
+-----+-----------------------+--------+-----------------+
| 118 | [60, 1976, 100, 796]  | 9397   | [600]           |
+-----+-----------------------+--------+-----------------+
| 119 | [245, 851, 201, 795]  | 30038  | [215]           |
+-----+-----------------------+--------+-----------------+
| 120 | [235, 1532, 197, 485] | 13418  | [533]           |
+-----+-----------------------+--------+-----------------+
| 121 | [68, 401, 107, 914]   | 167290 | [572]           |
+-----+-----------------------+--------+-----------------+
| 122 | [227, 2390, 195, 491] | 27414  | [86]            |
+-----+-----------------------+--------+-----------------+
| 123 | [232, 2108, 198, 531] | 24636  | [455]           |
+-----+-----------------------+--------+-----------------+
| 124 | [112, 432, 134, 854]  | 133219 | [488]           |
+-----+-----------------------+--------+-----------------+
| 125 | [236, 255, 203, 454]  | 77641  | [371]           |
+-----+-----------------------+--------+-----------------+
| 126 | [264, 2442, 220, 919] | 21856  | [63]            |
+-----+-----------------------+--------+-----------------+
| 127 | [40, 1303, 100, 954]  | 75616  | [554]           |
+-----+-----------------------+--------+-----------------+
| 128 | [234, 1921, 207, 703] | 21658  | [654]           |
+-----+-----------------------+--------+-----------------+
| 129 | [256, 344, 218, 446]  | 79961  | [551]           |
+-----+-----------------------+--------+-----------------+
| 130 | [302, 767, 244, 496]  | 15954  | [294]           |
+-----+-----------------------+--------+-----------------+
| 131 | [116, 509, 144, 685]  | 141238 | [639]           |
+-----+-----------------------+--------+-----------------+
| 132 | [297, 772, 243, 834]  | 41346  | [34]            |
+-----+-----------------------+--------+-----------------+
| 133 | [259, 98, 224, 887]   | 2481   | [531]           |
+-----+-----------------------+--------+-----------------+
| 134 | [153, 1022, 168, 945] | 34938  | [658]           |
+-----+-----------------------+--------+-----------------+
| 135 | [281, 455, 240, 464]  | 64405  | [304]           |
+-----+-----------------------+--------+-----------------+
| 136 | [74, 778, 129, 882]   | 69031  | [625]           |
+-----+-----------------------+--------+-----------------+
| 137 | [172, 1723, 186, 969] | 5108   | [166]           |
+-----+-----------------------+--------+-----------------+
| 138 | [255, 967, 231, 843]  | 24461  | [653]           |
+-----+-----------------------+--------+-----------------+
| 139 | [107, 1268, 152, 849] | 66985  | [661]           |
+-----+-----------------------+--------+-----------------+
| 140 | [37, 579, 115, 946]   | 4762   | [482]           |
+-----+-----------------------+--------+-----------------+
| 141 | [15, 1152, 104, 704]  | 163567 | [161]           |
+-----+-----------------------+--------+-----------------+
| 142 | [210, 1287, 210, 867] | 34139  | [336]           |
+-----+-----------------------+--------+-----------------+
| 143 | [120, 77, 162, 452]   | 16220  | [506]           |
+-----+-----------------------+--------+-----------------+
| 144 | [17, 1140, 108, 642]  | 181667 | [160]           |
+-----+-----------------------+--------+-----------------+
| 145 | [258, 1488, 239, 522] | 20074  | [472]           |
+-----+-----------------------+--------+-----------------+
| 146 | [152, 2322, 185, 732] | 33857  | [629]           |
+-----+-----------------------+--------+-----------------+
| 147 | [114, 1088, 164, 737] | 90552  | [451]           |
+-----+-----------------------+--------+-----------------+
| 148 | [176, 287, 197, 566]  | 149916 | [88]            |
+-----+-----------------------+--------+-----------------+
| 149 | [11, 983, 112, 627]   | 1940   | [660]           |
+-----+-----------------------+--------+-----------------+
| 150 | [262, 1194, 249, 950] | 50168  | [293]           |
+-----+-----------------------+--------+-----------------+
| 151 | [86, 2348, 157, 671]  | 317    | [599]           |
+-----+-----------------------+--------+-----------------+
| 152 | [67, 1171, 146, 499]  | 180518 | [466]           |
+-----+-----------------------+--------+-----------------+
| 153 | [107, 1982, 170, 762] | 38359  | [16]            |
+-----+-----------------------+--------+-----------------+
| 154 | [165, 1853, 202, 912] | 15789  | [570]           |
+-----+-----------------------+--------+-----------------+
| 155 | [218, 2143, 235, 550] | -166   | [527]           |
+-----+-----------------------+--------+-----------------+
| 156 | [120, 1445, 185, 879] | 100697 | [571]           |
+-----+-----------------------+--------+-----------------+
| 157 | [218, 433, 237, 953]  | 101991 | [329]           |
+-----+-----------------------+--------+-----------------+
| 158 | [40, 312, 143, 532]   | 112865 | [388]           |
+-----+-----------------------+--------+-----------------+
| 159 | [75, 498, 168, 897]   | 208364 | [592]           |
+-----+-----------------------+--------+-----------------+
| 160 | [181, 2285, 227, 722] | 39290  | [682]           |
+-----+-----------------------+--------+-----------------+
| 161 | [115, 21, 191, 594]   | 25968  | [603]           |
+-----+-----------------------+--------+-----------------+
| 162 | [57, 2326, 162, 591]  | 5576   | [400]           |
+-----+-----------------------+--------+-----------------+
| 163 | [175, 1656, 228, 466] | 21970  | [627]           |
+-----+-----------------------+--------+-----------------+
| 164 | [138, 436, 209, 658]  | 159612 | [94]            |
+-----+-----------------------+--------+-----------------+
| 165 | [75, 1035, 178, 711]  | 1473   | [679]           |
+-----+-----------------------+--------+-----------------+
| 166 | [199, 714, 246, 472]  | 87428  | [499]           |
+-----+-----------------------+--------+-----------------+
| 167 | [192, 90, 242, 719]   | 12569  | [602]           |
+-----+-----------------------+--------+-----------------+
| 168 | [59, 211, 175, 971]   | 33737  | [687]           |
+-----+-----------------------+--------+-----------------+
| 169 | [157, 1557, 233, 962] | 86773  | [553]           |
+-----+-----------------------+--------+-----------------+
| 170 | [138, 1657, 225, 794] | 129474 | [356]           |
+-----+-----------------------+--------+-----------------+
| 171 | [121, 566, 216, 783]  | 217408 | [146]           |
+-----+-----------------------+--------+-----------------+
| 172 | [44, 932, 175, 519]   | 83636  | [676]           |
+-----+-----------------------+--------+-----------------+
| 173 | [165, 1411, 241, 778] | 94536  | [326]           |
+-----+-----------------------+--------+-----------------+
| 174 | [141, 2038, 230, 898] | 20902  | [485]           |
+-----+-----------------------+--------+-----------------+
| 175 | [20, 326, 164, 653]   | 16746  | [690]           |
+-----+-----------------------+--------+-----------------+
| 176 | [161, 1337, 241, 907] | 25557  | [692]           |
+-----+-----------------------+--------+-----------------+
| 177 | [104, 1656, 212, 966] | 169801 | [671]           |
+-----+-----------------------+--------+-----------------+
| 178 | [161, 729, 243, 983]  | 76886  | [702]           |
+-----+-----------------------+--------+-----------------+
| 179 | [21, 1127, 168, 558]  | 193716 | [230]           |
+-----+-----------------------+--------+-----------------+
| 180 | [13, 1565, 165, 540]  | 8617   | [686]           |
+-----+-----------------------+--------+-----------------+
| 181 | [12, 100, 166, 917]   | 45299  | [458]           |
+-----+-----------------------+--------+-----------------+
| 182 | [125, 2234, 229, 978] | 18470  | [330]           |
+-----+-----------------------+--------+-----------------+
| 183 | [85, 1127, 211, 774]  | 206628 | [222]           |
+-----+-----------------------+--------+-----------------+
| 184 | [78, 1791, 211, 893]  | 114461 | [683]           |
+-----+-----------------------+--------+-----------------+
| 185 | [19, 1440, 182, 551]  | 55114  | [434]           |
+-----+-----------------------+--------+-----------------+
| 186 | [10, 2083, 178, 747]  | 31726  | [134]           |
+-----+-----------------------+--------+-----------------+
| 187 | [42, 150, 198, 611]   | 54957  | [594]           |
+-----+-----------------------+--------+-----------------+
| 188 | [81, 1994, 224, 667]  | 55553  | [543]           |
+-----+-----------------------+--------+-----------------+
| 189 | [25, 687, 195, 620]   | 13963  | [707]           |
+-----+-----------------------+--------+-----------------+
| 190 | [50, 1566, 210, 852]  | 38125  | [651]           |
+-----+-----------------------+--------+-----------------+
| 191 | [56, 1214, 218, 692]  | 7872   | [712]           |
+-----+-----------------------+--------+-----------------+
| 192 | [46, 2190, 214, 728]  | 73738  | [438]           |
+-----+-----------------------+--------+-----------------+
| 193 | [61, 1190, 228, 821]  | 216518 | [545]           |
+-----+-----------------------+--------+-----------------+
| 194 | [27, 1808, 215, 854]  | 229    | [711]           |
+-----+-----------------------+--------+-----------------+
| 195 | [62, 77, 235, 807]    | 2199   | [470]           |
+-----+-----------------------+--------+-----------------+
| 196 | [75, 835, 245, 967]   | 90254  | [697]           |
+-----+-----------------------+--------+-----------------+
| 197 | [70, 330, 242, 883]   | 97667  | [708]           |
+-----+-----------------------+--------+-----------------+
| 198 | [65, 585, 243, 829]   | 113154 | [709]           |
+-----+-----------------------+--------+-----------------+
| 199 | [15, 1309, 217, 831]  | 159561 | [721]           |
+-----+-----------------------+--------+-----------------+

Total OF: 8699235
Runtime: 1
latencies: 0.0275036 - 30.3715%
filter  : 0.0151049 - 16.6799%
search  : 0.0478571 - 52.8473%
--------------Times execs----------------
    0: 0.0905573
 mean: 0.0905573
   sd: 0

First ignored:

 mean: 0
   sd: 0

----------------------
