Number of jobs: 700

+-----+-----------------------+----------+-----------------+
| Job | [Jr,Jb,Jl,Jo]         | OF       | Allocated nodes |
+-----+-----------------------+----------+-----------------+
| 0   | [348, 1250, 41, 564]  | 9805     | [779, 836]      |
+-----+-----------------------+----------+-----------------+
| 1   | [348, 2018, 43, 665]  | 62807    | [69]            |
+-----+-----------------------+----------+-----------------+
| 2   | [344, 2310, 44, 977]  | 12317    | [277]           |
+-----+-----------------------+----------+-----------------+
| 3   | [350, 1967, 47, 509]  | 2665     | [158, 812]      |
+-----+-----------------------+----------+-----------------+
| 4   | [334, 1360, 40, 538]  | 417      | [333]           |
+-----+-----------------------+----------+-----------------+
| 5   | [312, 1863, 31, 983]  | 27856    | [884]           |
+-----+-----------------------+----------+-----------------+
| 6   | [339, 2234, 46, 945]  | 92598    | [328]           |
+-----+-----------------------+----------+-----------------+
| 7   | [299, 1030, 31, 479]  | 1621     | [857]           |
+-----+-----------------------+----------+-----------------+
| 8   | [305, 1313, 36, 682]  | 4068     | [554]           |
+-----+-----------------------+----------+-----------------+
| 9   | [292, 1882, 30, 789]  | 28832    | [40]            |
+-----+-----------------------+----------+-----------------+
| 10  | [298, 214, 34, 704]   | 679596   | [353]           |
+-----+-----------------------+----------+-----------------+
| 11  | [327, 389, 50, 673]   | 45596    | [275]           |
+-----+-----------------------+----------+-----------------+
| 12  | [333, 265, 54, 539]   | 4878     | [513]           |
+-----+-----------------------+----------+-----------------+
| 13  | [343, 2012, 61, 732]  | 657      | [625, 749]      |
+-----+-----------------------+----------+-----------------+
| 14  | [303, 1449, 42, 624]  | 74544    | [939]           |
+-----+-----------------------+----------+-----------------+
| 15  | [283, 2011, 37, 740]  | 6416     | [487, 645]      |
+-----+-----------------------+----------+-----------------+
| 16  | [293, 744, 42, 882]   | 16732    | [534]           |
+-----+-----------------------+----------+-----------------+
| 17  | [325, 440, 59, 964]   | 3489     | [35, 47]        |
+-----+-----------------------+----------+-----------------+
| 18  | [271, 2265, 34, 459]  | 126      | [372]           |
+-----+-----------------------+----------+-----------------+
| 19  | [321, 2493, 62, 521]  | 1705     | [775, 867]      |
+-----+-----------------------+----------+-----------------+
| 20  | [262, 2006, 30, 651]  | 432488   | [792]           |
+-----+-----------------------+----------+-----------------+
| 21  | [314, 1872, 58, 683]  | 25695    | [686, 823]      |
+-----+-----------------------+----------+-----------------+
| 22  | [344, 1601, 74, 674]  | 477      | [8, 291]        |
+-----+-----------------------+----------+-----------------+
| 23  | [288, 1963, 46, 913]  | 376      | [479]           |
+-----+-----------------------+----------+-----------------+
| 24  | [297, 659, 51, 829]   | 78631    | [621]           |
+-----+-----------------------+----------+-----------------+
| 25  | [342, 2111, 78, 935]  | 23       | [639, 840]      |
+-----+-----------------------+----------+-----------------+
| 26  | [275, 1685, 42, 924]  | 9905     | [127]           |
+-----+-----------------------+----------+-----------------+
| 27  | [338, 1159, 76, 958]  | 70       | [0, 251]        |
+-----+-----------------------+----------+-----------------+
| 28  | [339, 1601, 77, 687]  | 720      | [7, 282]        |
+-----+-----------------------+----------+-----------------+
| 29  | [336, 1458, 76, 932]  | 3020     | [178, 475]      |
+-----+-----------------------+----------+-----------------+
| 30  | [325, 1335, 71, 784]  | 1481     | [411, 687]      |
+-----+-----------------------+----------+-----------------+
| 31  | [343, 1191, 81, 839]  | 11       | [185, 594]      |
+-----+-----------------------+----------+-----------------+
| 32  | [318, 1524, 70, 558]  | 1765     | [458, 788]      |
+-----+-----------------------+----------+-----------------+
| 33  | [285, 1002, 54, 878]  | 6647     | [982]           |
+-----+-----------------------+----------+-----------------+
| 34  | [280, 1558, 52, 602]  | 63285    | [300, 602]      |
+-----+-----------------------+----------+-----------------+
| 35  | [240, 2090, 31, 510]  | 6788     | [303]           |
+-----+-----------------------+----------+-----------------+
| 36  | [330, 90, 78, 893]    | 3004     | [731]           |
+-----+-----------------------+----------+-----------------+
| 37  | [279, 1165, 52, 814]  | 4615     | [397]           |
+-----+-----------------------+----------+-----------------+
| 38  | [292, 1563, 60, 798]  | -4       | [953]           |
+-----+-----------------------+----------+-----------------+
| 39  | [339, 2374, 88, 472]  | 634      | [203, 240]      |
+-----+-----------------------+----------+-----------------+
| 40  | [241, 1640, 35, 808]  | 59653    | [261]           |
+-----+-----------------------+----------+-----------------+
| 41  | [332, 1443, 84, 789]  | 946      | [201, 470]      |
+-----+-----------------------+----------+-----------------+
| 42  | [331, 2468, 86, 767]  | 6        | [417, 506]      |
+-----+-----------------------+----------+-----------------+
| 43  | [284, 79, 59, 447]    | 1577     | [531]           |
+-----+-----------------------+----------+-----------------+
| 44  | [302, 1150, 70, 789]  | 329      | [159, 690]      |
+-----+-----------------------+----------+-----------------+
| 45  | [245, 2300, 42, 648]  | 78526    | [63]            |
+-----+-----------------------+----------+-----------------+
| 46  | [273, 697, 57, 578]   | 16037    | [709]           |
+-----+-----------------------+----------+-----------------+
| 47  | [335, 1807, 92, 832]  | 279      | [547]           |
+-----+-----------------------+----------+-----------------+
| 48  | [235, 673, 38, 888]   | 46258    | [782]           |
+-----+-----------------------+----------+-----------------+
| 49  | [346, 2116, 99, 613]  | 1347     | [238]           |
+-----+-----------------------+----------+-----------------+
| 50  | [319, 1983, 85, 680]  | 151      | [302, 888]      |
+-----+-----------------------+----------+-----------------+
| 51  | [318, 2404, 85, 930]  | 165      | [157, 527]      |
+-----+-----------------------+----------+-----------------+
| 52  | [260, 1723, 58, 668]  | 1033     | [708, 834]      |
+-----+-----------------------+----------+-----------------+
| 53  | [227, 2087, 41, 835]  | 2191     | [197]           |
+-----+-----------------------+----------+-----------------+
| 54  | [331, 1489, 97, 577]  | 3272     | [482, 780]      |
+-----+-----------------------+----------+-----------------+
| 55  | [275, 1364, 68, 763]  | 2365     | [692]           |
+-----+-----------------------+----------+-----------------+
| 56  | [211, 1747, 34, 576]  | 214358   | [410]           |
+-----+-----------------------+----------+-----------------+
| 57  | [272, 1626, 67, 809]  | 3999     | [658, 919]      |
+-----+-----------------------+----------+-----------------+
| 58  | [261, 1531, 61, 769]  | 1747     | [969]           |
+-----+-----------------------+----------+-----------------+
| 59  | [324, 434, 97, 983]   | 2557     | [737, 853]      |
+-----+-----------------------+----------+-----------------+
| 60  | [235, 810, 50, 748]   | 19741    | [382]           |
+-----+-----------------------+----------+-----------------+
| 61  | [307, 905, 89, 810]   | 4412     | [797]           |
+-----+-----------------------+----------+-----------------+
| 62  | [305, 2382, 90, 802]  | 620      | [149, 802]      |
+-----+-----------------------+----------+-----------------+
| 63  | [339, 456, 107, 530]  | 1959     | [241]           |
+-----+-----------------------+----------+-----------------+
| 64  | [335, 1502, 106, 798] | 265      | [740, 756]      |
+-----+-----------------------+----------+-----------------+
| 65  | [327, 207, 102, 726]  | 1520     | [214]           |
+-----+-----------------------+----------+-----------------+
| 66  | [335, 791, 107, 517]  | 215      | [603, 838]      |
+-----+-----------------------+----------+-----------------+
| 67  | [269, 1150, 73, 564]  | 1946     | [213]           |
+-----+-----------------------+----------+-----------------+
| 68  | [321, 2197, 102, 970] | 345      | [104, 846]      |
+-----+-----------------------+----------+-----------------+
| 69  | [207, 1284, 40, 711]  | 59240    | [942]           |
+-----+-----------------------+----------+-----------------+
| 70  | [217, 540, 47, 630]   | 32953    | [544]           |
+-----+-----------------------+----------+-----------------+
| 71  | [292, 1101, 88, 549]  | 1417     | [653]           |
+-----+-----------------------+----------+-----------------+
| 72  | [347, 1162, 118, 638] | 155      | [232, 735]      |
+-----+-----------------------+----------+-----------------+
| 73  | [303, 1563, 96, 681]  | 115      | [349, 524]      |
+-----+-----------------------+----------+-----------------+
| 74  | [242, 986, 63, 824]   | 6192     | [15]            |
+-----+-----------------------+----------+-----------------+
| 75  | [285, 199, 86, 655]   | 7877     | [925]           |
+-----+-----------------------+----------+-----------------+
| 76  | [348, 921, 122, 898]  | 297      | [23, 932]       |
+-----+-----------------------+----------+-----------------+
| 77  | [266, 1656, 79, 464]  | 9849     | [723]           |
+-----+-----------------------+----------+-----------------+
| 78  | [282, 2143, 89, 627]  | 46       | [595, 845]      |
+-----+-----------------------+----------+-----------------+
| 79  | [213, 2146, 52, 606]  | 1367     | [460]           |
+-----+-----------------------+----------+-----------------+
| 80  | [235, 2328, 64, 489]  | 6697     | [660, 971]      |
+-----+-----------------------+----------+-----------------+
| 81  | [241, 1744, 68, 632]  | 1475     | [627]           |
+-----+-----------------------+----------+-----------------+
| 82  | [198, 527, 44, 786]   | 19374    | [714]           |
+-----+-----------------------+----------+-----------------+
| 83  | [219, 1165, 56, 836]  | 6815     | [17]            |
+-----+-----------------------+----------+-----------------+
| 84  | [274, 2152, 88, 480]  | 2212     | [781, 995]      |
+-----+-----------------------+----------+-----------------+
| 85  | [285, 1921, 94, 979]  | 356      | [949]           |
+-----+-----------------------+----------+-----------------+
| 86  | [200, 458, 47, 829]   | 480396   | [136]           |
+-----+-----------------------+----------+-----------------+
| 87  | [294, 611, 98, 474]   | 706      | [916]           |
+-----+-----------------------+----------+-----------------+
| 88  | [203, 2439, 51, 936]  | 3146     | [125]           |
+-----+-----------------------+----------+-----------------+
| 89  | [185, 1264, 41, 846]  | 47434    | [661]           |
+-----+-----------------------+----------+-----------------+
| 90  | [179, 1021, 38, 533]  | 3870     | [263]           |
+-----+-----------------------+----------+-----------------+
| 91  | [174, 313, 35, 896]   | 111902   | [572]           |
+-----+-----------------------+----------+-----------------+
| 92  | [261, 1542, 83, 635]  | 475      | [550, 679]      |
+-----+-----------------------+----------+-----------------+
| 93  | [213, 225, 58, 924]   | 45519    | [912]           |
+-----+-----------------------+----------+-----------------+
| 94  | [327, 1288, 121, 956] | 1331     | [262, 734]      |
+-----+-----------------------+----------+-----------------+
| 95  | [240, 1621, 75, 879]  | 200      | [721]           |
+-----+-----------------------+----------+-----------------+
| 96  | [178, 475, 41, 617]   | 41990    | [730]           |
+-----+-----------------------+----------+-----------------+
| 97  | [204, 1898, 58, 501]  | 6869     | [140]           |
+-----+-----------------------+----------+-----------------+
| 98  | [169, 2464, 40, 788]  | 3410     | [973]           |
+-----+-----------------------+----------+-----------------+
| 99  | [252, 1324, 84, 523]  | 635      | [109, 414]      |
+-----+-----------------------+----------+-----------------+
| 100 | [285, 1446, 102, 550] | 1155     | [391, 398]      |
+-----+-----------------------+----------+-----------------+
| 101 | [229, 915, 72, 593]   | 16184    | [697]           |
+-----+-----------------------+----------+-----------------+
| 102 | [176, 2359, 46, 594]  | 3140     | [269, 988]      |
+-----+-----------------------+----------+-----------------+
| 103 | [320, 827, 123, 788]  | 30       | [388, 541]      |
+-----+-----------------------+----------+-----------------+
| 104 | [213, 2136, 67, 642]  | 4924     | [878]           |
+-----+-----------------------+----------+-----------------+
| 105 | [204, 1731, 63, 550]  | 1900     | [301]           |
+-----+-----------------------+----------+-----------------+
| 106 | [186, 1276, 53, 488]  | 39669    | [424]           |
+-----+-----------------------+----------+-----------------+
| 107 | [176, 973, 48, 788]   | 1240     | [702]           |
+-----+-----------------------+----------+-----------------+
| 108 | [213, 2227, 69, 593]  | 2452     | [946]           |
+-----+-----------------------+----------+-----------------+
| 109 | [280, 167, 104, 979]  | 6278     | [791]           |
+-----+-----------------------+----------+-----------------+
| 110 | [322, 482, 128, 448]  | 2392     | [122, 431]      |
+-----+-----------------------+----------+-----------------+
| 111 | [143, 680, 32, 601]   | 143892   | [503]           |
+-----+-----------------------+----------+-----------------+
| 112 | [232, 534, 81, 698]   | 939      | [219, 272]      |
+-----+-----------------------+----------+-----------------+
| 113 | [186, 1358, 57, 615]  | 27432    | [336]           |
+-----+-----------------------+----------+-----------------+
| 114 | [281, 2070, 109, 621] | 356      | [367, 999]      |
+-----+-----------------------+----------+-----------------+
| 115 | [246, 1642, 90, 643]  | 5728     | [258, 593]      |
+-----+-----------------------+----------+-----------------+
| 116 | [319, 1757, 130, 551] | 288      | [110, 284]      |
+-----+-----------------------+----------+-----------------+
| 117 | [334, 439, 137, 928]  | 10727    | [256]           |
+-----+-----------------------+----------+-----------------+
| 118 | [330, 126, 135, 633]  | 11048    | [887]           |
+-----+-----------------------+----------+-----------------+
| 119 | [153, 825, 41, 858]   | 20737    | [395]           |
+-----+-----------------------+----------+-----------------+
| 120 | [264, 2160, 102, 483] | -40      | [322, 712]      |
+-----+-----------------------+----------+-----------------+
| 121 | [308, 63, 124, 611]   | 11277    | [137]           |
+-----+-----------------------+----------+-----------------+
| 122 | [215, 1220, 75, 966]  | 9261     | [520]           |
+-----+-----------------------+----------+-----------------+
| 123 | [272, 1350, 106, 631] | 24981    | [348]           |
+-----+-----------------------+----------+-----------------+
| 124 | [239, 127, 88, 897]   | 4056     | [850]           |
+-----+-----------------------+----------+-----------------+
| 125 | [278, 1996, 111, 586] | 2883     | [396, 443]      |
+-----+-----------------------+----------+-----------------+
| 126 | [276, 704, 109, 971]  | 27829    | [294]           |
+-----+-----------------------+----------+-----------------+
| 127 | [193, 266, 64, 597]   | 38819    | [936]           |
+-----+-----------------------+----------+-----------------+
| 128 | [270, 1996, 107, 519] | 3560     | [131]           |
+-----+-----------------------+----------+-----------------+
| 129 | [298, 54, 121, 880]   | 14971    | [657]           |
+-----+-----------------------+----------+-----------------+
| 130 | [346, 2337, 149, 630] | 583      | [426, 450]      |
+-----+-----------------------+----------+-----------------+
| 131 | [296, 1141, 123, 489] | 332      | [46, 132]       |
+-----+-----------------------+----------+-----------------+
| 132 | [229, 1160, 87, 905]  | 13632    | [526]           |
+-----+-----------------------+----------+-----------------+
| 133 | [308, 2179, 131, 821] | 217      | [24, 755]       |
+-----+-----------------------+----------+-----------------+
| 134 | [303, 1704, 128, 526] | 4285     | [835]           |
+-----+-----------------------+----------+-----------------+
| 135 | [202, 2084, 74, 648]  | 633      | [862]           |
+-----+-----------------------+----------+-----------------+
| 136 | [180, 1204, 62, 456]  | 17501    | [989]           |
+-----+-----------------------+----------+-----------------+
| 137 | [303, 1729, 129, 566] | 86       | [223, 822]      |
+-----+-----------------------+----------+-----------------+
| 138 | [326, 1173, 141, 912] | 1300     | [432]           |
+-----+-----------------------+----------+-----------------+
| 139 | [307, 853, 132, 854]  | 4037     | [163, 741]      |
+-----+-----------------------+----------+-----------------+
| 140 | [245, 2445, 100, 489] | 5723     | [877, 896]      |
+-----+-----------------------+----------+-----------------+
| 141 | [250, 160, 101, 646]  | 27469    | [70]            |
+-----+-----------------------+----------+-----------------+
| 142 | [231, 1263, 93, 559]  | 12714    | [48, 128]       |
+-----+-----------------------+----------+-----------------+
| 143 | [268, 574, 113, 776]  | 7188     | [851]           |
+-----+-----------------------+----------+-----------------+
| 144 | [244, 1625, 101, 552] | 32295    | [369]           |
+-----+-----------------------+----------+-----------------+
| 145 | [263, 1213, 113, 446] | 13856    | [352]           |
+-----+-----------------------+----------+-----------------+
| 146 | [309, 2299, 139, 872] | 299      | [226, 582]      |
+-----+-----------------------+----------+-----------------+
| 147 | [247, 2351, 106, 703] | 2602     | [1, 299]        |
+-----+-----------------------+----------+-----------------+
| 148 | [121, 2093, 38, 822]  | 47821    | [439]           |
+-----+-----------------------+----------+-----------------+
| 149 | [200, 2036, 81, 661]  | 3192     | [654]           |
+-----+-----------------------+----------+-----------------+
| 150 | [286, 309, 126, 862]  | 47011    | [371]           |
+-----+-----------------------+----------+-----------------+
| 151 | [268, 811, 117, 514]  | 27575    | [863, 880]      |
+-----+-----------------------+----------+-----------------+
| 152 | [229, 674, 96, 627]   | 3455     | [864]           |
+-----+-----------------------+----------+-----------------+
| 153 | [214, 678, 88, 728]   | 62388    | [592]           |
+-----+-----------------------+----------+-----------------+
| 154 | [284, 2104, 127, 801] | 1205     | [308, 707]      |
+-----+-----------------------+----------+-----------------+
| 155 | [195, 1792, 79, 510]  | 6951     | [102]           |
+-----+-----------------------+----------+-----------------+
| 156 | [193, 635, 77, 527]   | 27928    | [816]           |
+-----+-----------------------+----------+-----------------+
| 157 | [263, 415, 115, 705]  | 37251    | [589]           |
+-----+-----------------------+----------+-----------------+
| 158 | [183, 1797, 74, 567]  | 16566    | [955]           |
+-----+-----------------------+----------+-----------------+
| 159 | [271, 575, 121, 686]  | 23020    | [597]           |
+-----+-----------------------+----------+-----------------+
| 160 | [346, 1438, 163, 612] | 14335    | [879]           |
+-----+-----------------------+----------+-----------------+
| 161 | [232, 577, 101, 868]  | 50851    | [901]           |
+-----+-----------------------+----------+-----------------+
| 162 | [291, 868, 134, 684]  | 16991    | [358]           |
+-----+-----------------------+----------+-----------------+
| 163 | [324, 2299, 153, 524] | -34      | [577]           |
+-----+-----------------------+----------+-----------------+
| 164 | [317, 828, 148, 829]  | 13864    | [519]           |
+-----+-----------------------+----------+-----------------+
| 165 | [191, 1685, 81, 829]  | 2282     | [911]           |
+-----+-----------------------+----------+-----------------+
| 166 | [335, 1279, 159, 909] | 4707     | [905]           |
+-----+-----------------------+----------+-----------------+
| 167 | [289, 1864, 135, 833] | 981      | [167]           |
+-----+-----------------------+----------+-----------------+
| 168 | [332, 1075, 158, 625] | 981      | [228, 902]      |
+-----+-----------------------+----------+-----------------+
| 169 | [137, 2019, 54, 869]  | 86137    | [190]           |
+-----+-----------------------+----------+-----------------+
| 170 | [202, 1991, 90, 676]  | 9055     | [13]            |
+-----+-----------------------+----------+-----------------+
| 171 | [327, 307, 156, 902]  | 47005    | [491]           |
+-----+-----------------------+----------+-----------------+
| 172 | [298, 1016, 141, 483] | 8376     | [204]           |
+-----+-----------------------+----------+-----------------+
| 173 | [93, 2151, 32, 643]   | 91936    | [31]            |
+-----+-----------------------+----------+-----------------+
| 174 | [180, 401, 78, 571]   | 91895    | [488]           |
+-----+-----------------------+----------+-----------------+
| 175 | [180, 212, 78, 777]   | 58591    | [311]           |
+-----+-----------------------+----------+-----------------+
| 176 | [310, 935, 149, 765]  | 4479     | [215]           |
+-----+-----------------------+----------+-----------------+
| 177 | [202, 636, 91, 732]   | 92046    | [499]           |
+-----+-----------------------+----------+-----------------+
| 178 | [111, 2118, 44, 826]  | 308      | [683]           |
+-----+-----------------------+----------+-----------------+
| 179 | [209, 1051, 96, 897]  | 7535     | [676]           |
+-----+-----------------------+----------+-----------------+
| 180 | [210, 927, 97, 497]   | 31817    | [27]            |
+-----+-----------------------+----------+-----------------+
| 181 | [99, 1280, 38, 977]   | 63813    | [344]           |
+-----+-----------------------+----------+-----------------+
| 182 | [151, 1080, 66, 474]  | 25356    | [389]           |
+-----+-----------------------+----------+-----------------+
| 183 | [242, 237, 115, 660]  | 77352    | [701]           |
+-----+-----------------------+----------+-----------------+
| 184 | [188, 1483, 87, 645]  | 1783     | [817]           |
+-----+-----------------------+----------+-----------------+
| 185 | [309, 2086, 153, 708] | 2109     | [5, 255]        |
+-----+-----------------------+----------+-----------------+
| 186 | [339, 1421, 169, 510] | 16849    | [876]           |
+-----+-----------------------+----------+-----------------+
| 187 | [332, 1992, 166, 705] | 5023     | [156]           |
+-----+-----------------------+----------+-----------------+
| 188 | [161, 2057, 74, 870]  | 8354     | [58]            |
+-----+-----------------------+----------+-----------------+
| 189 | [228, 721, 109, 670]  | 75836    | [770]           |
+-----+-----------------------+----------+-----------------+
| 190 | [171, 2067, 80, 561]  | 7584     | [564]           |
+-----+-----------------------+----------+-----------------+
| 191 | [158, 590, 73, 467]   | 112243   | [329]           |
+-----+-----------------------+----------+-----------------+
| 192 | [124, 2022, 56, 456]  | 333      | [600]           |
+-----+-----------------------+----------+-----------------+
| 193 | [305, 2406, 154, 965] | 729      | [682]           |
+-----+-----------------------+----------+-----------------+
| 194 | [348, 2182, 177, 599] | 733      | [455]           |
+-----+-----------------------+----------+-----------------+
| 195 | [306, 1685, 154, 893] | 21755    | [967]           |
+-----+-----------------------+----------+-----------------+
| 196 | [201, 1041, 97, 683]  | 32354    | [171]           |
+-----+-----------------------+----------+-----------------+
| 197 | [90, 450, 37, 833]    | 303404   | [828]           |
+-----+-----------------------+----------+-----------------+
| 198 | [124, 1916, 57, 482]  | 70642    | [485]           |
+-----+-----------------------+----------+-----------------+
| 199 | [138, 28, 63, 654]    | 87142    | [286]           |
+-----+-----------------------+----------+-----------------+
| 200 | [113, 564, 50, 986]   | 225644   | [751]           |
+-----+-----------------------+----------+-----------------+
| 201 | [205, 1435, 101, 573] | 1911     | [377]           |
+-----+-----------------------+----------+-----------------+
| 202 | [141, 1485, 68, 452]  | 127351   | [452]           |
+-----+-----------------------+----------+-----------------+
| 203 | [119, 787, 56, 545]   | 122691   | [34]            |
+-----+-----------------------+----------+-----------------+
| 204 | [116, 1505, 56, 575]  | 1460     | [502]           |
+-----+-----------------------+----------+-----------------+
| 205 | [68, 1307, 30, 503]   | 220948   | [217]           |
+-----+-----------------------+----------+-----------------+
| 206 | [118, 701, 57, 858]   | 164869   | [839]           |
+-----+-----------------------+----------+-----------------+
| 207 | [138, 927, 69, 591]   | 78401    | [923]           |
+-----+-----------------------+----------+-----------------+
| 208 | [265, 263, 137, 723]  | 98773    | [88]            |
+-----+-----------------------+----------+-----------------+
| 209 | [212, 1988, 110, 953] | 31617    | [842]           |
+-----+-----------------------+----------+-----------------+
| 210 | [135, 2261, 69, 499]  | 11683    | [330]           |
+-----+-----------------------+----------+-----------------+
| 211 | [122, 2043, 62, 679]  | 43206    | [172]           |
+-----+-----------------------+----------+-----------------+
| 212 | [327, 2245, 173, 846] | 3181     | [416]           |
+-----+-----------------------+----------+-----------------+
| 213 | [165, 1968, 87, 532]  | 54770    | [691]           |
+-----+-----------------------+----------+-----------------+
| 214 | [223, 1580, 118, 529] | 10019    | [472]           |
+-----+-----------------------+----------+-----------------+
| 215 | [131, 2121, 69, 732]  | 10605    | [543]           |
+-----+-----------------------+----------+-----------------+
| 216 | [216, 1517, 115, 798] | 18992    | [84]            |
+-----+-----------------------+----------+-----------------+
| 217 | [64, 96, 33, 708]     | 316009   | [913]           |
+-----+-----------------------+----------+-----------------+
| 218 | [233, 1090, 125, 449] | 18250    | [883]           |
+-----+-----------------------+----------+-----------------+
| 219 | [283, 2296, 153, 641] | 12009    | [339]           |
+-----+-----------------------+----------+-----------------+
| 220 | [57, 623, 30, 580]    | 304628   | [514]           |
+-----+-----------------------+----------+-----------------+
| 221 | [208, 2365, 113, 893] | 27125    | [191]           |
+-----+-----------------------+----------+-----------------+
| 222 | [208, 2268, 113, 745] | 16572    | [402, 937]      |
+-----+-----------------------+----------+-----------------+
| 223 | [324, 2268, 176, 837] | 21971    | [907]           |
+-----+-----------------------+----------+-----------------+
| 224 | [188, 2485, 103, 853] | 4646     | [561]           |
+-----+-----------------------+----------+-----------------+
| 225 | [300, 765, 162, 481]  | 48521    | [315]           |
+-----+-----------------------+----------+-----------------+
| 226 | [123, 1030, 67, 883]  | 62577    | [264]           |
+-----+-----------------------+----------+-----------------+
| 227 | [206, 1240, 112, 622] | 21842    | [546]           |
+-----+-----------------------+----------+-----------------+
| 228 | [269, 2283, 147, 602] | 41025    | [86]            |
+-----+-----------------------+----------+-----------------+
| 229 | [349, 1867, 191, 731] | 9325     | [984]           |
+-----+-----------------------+----------+-----------------+
| 230 | [181, 2247, 101, 527] | 80080    | [642]           |
+-----+-----------------------+----------+-----------------+
| 231 | [142, 911, 79, 794]   | 87321    | [820]           |
+-----+-----------------------+----------+-----------------+
| 232 | [326, 127, 178, 556]  | 22526    | [722]           |
+-----+-----------------------+----------+-----------------+
| 233 | [107, 1160, 61, 814]  | 97562    | [161]           |
+-----+-----------------------+----------+-----------------+
| 234 | [133, 1071, 75, 777]  | 81439    | [451]           |
+-----+-----------------------+----------+-----------------+
| 235 | [51, 1039, 31, 467]   | 211902   | [466]           |
+-----+-----------------------+----------+-----------------+
| 236 | [264, 1895, 147, 746] | 4705     | [927]           |
+-----+-----------------------+----------+-----------------+
| 237 | [60, 2287, 38, 962]   | 39668    | [473]           |
+-----+-----------------------+----------+-----------------+
| 238 | [90, 1897, 54, 563]   | 178425   | [221]           |
+-----+-----------------------+----------+-----------------+
| 239 | [178, 743, 101, 471]  | 112998   | [833]           |
+-----+-----------------------+----------+-----------------+
| 240 | [50, 1609, 33, 661]   | 61106    | [483]           |
+-----+-----------------------+----------+-----------------+
| 241 | [58, 1789, 38, 771]   | 154685   | [16]            |
+-----+-----------------------+----------+-----------------+
| 242 | [99, 2498, 61, 580]   | 4154     | [629]           |
+-----+-----------------------+----------+-----------------+
| 243 | [255, 2450, 145, 491] | 22091    | [710]           |
+-----+-----------------------+----------+-----------------+
| 244 | [106, 1482, 64, 832]  | 10268    | [799]           |
+-----+-----------------------+----------+-----------------+
| 245 | [226, 95, 128, 544]   | 63959    | [118]           |
+-----+-----------------------+----------+-----------------+
| 246 | [298, 746, 168, 778]  | 57521    | [954]           |
+-----+-----------------------+----------+-----------------+
| 247 | [107, 299, 65, 543]   | 214314   | [94]            |
+-----+-----------------------+----------+-----------------+
| 248 | [321, 2090, 182, 457] | 10217    | [270]           |
+-----+-----------------------+----------+-----------------+
| 249 | [170, 15, 99, 809]    | 81709    | [3]             |
+-----+-----------------------+----------+-----------------+
| 250 | [185, 1784, 109, 868] | 33961    | [570]           |
+-----+-----------------------+----------+-----------------+
| 251 | [295, 338, 167, 951]  | 62643    | [551]           |
+-----+-----------------------+----------+-----------------+
| 252 | [291, 1579, 166, 752] | 11435    | [571]           |
+-----+-----------------------+----------+-----------------+
| 253 | [339, 913, 192, 699]  | 19668    | [150]           |
+-----+-----------------------+----------+-----------------+
| 254 | [206, 1181, 121, 900] | 60249    | [160]           |
+-----+-----------------------+----------+-----------------+
| 255 | [54, 836, 39, 546]    | 1078959  | [176]           |
+-----+-----------------------+----------+-----------------+
| 256 | [109, 1738, 70, 773]  | 8141     | [166]           |
+-----+-----------------------+----------+-----------------+
| 257 | [200, 661, 119, 978]  | 113822   | [746]           |
+-----+-----------------------+----------+-----------------+
| 258 | [344, 933, 197, 556]  | 29103    | [704]           |
+-----+-----------------------+----------+-----------------+
| 259 | [115, 2400, 75, 672]  | 11022    | [859]           |
+-----+-----------------------+----------+-----------------+
| 260 | [332, 1283, 191, 490] | 31919    | [545]           |
+-----+-----------------------+----------+-----------------+
| 261 | [331, 322, 190, 804]  | 73303    | [304]           |
+-----+-----------------------+----------+-----------------+
| 262 | [108, 346, 71, 632]   | 272174   | [195]           |
+-----+-----------------------+----------+-----------------+
| 263 | [47, 1292, 39, 882]   | 163981   | [533]           |
+-----+-----------------------+----------+-----------------+
| 264 | [282, 1577, 166, 928] | 28424    | [553]           |
+-----+-----------------------+----------+-----------------+
| 265 | [124, 411, 80, 865]   | 237965   | [135]           |
+-----+-----------------------+----------+-----------------+
| 266 | [347, 1376, 201, 958] | 24764    | [457]           |
+-----+-----------------------+----------+-----------------+
| 267 | [105, 495, 70, 699]   | 247692   | [146]           |
+-----+-----------------------+----------+-----------------+
| 268 | [177, 532, 109, 467]  | 204285   | [386]           |
+-----+-----------------------+----------+-----------------+
| 269 | [157, 173, 98, 697]   | 89990    | [362]           |
+-----+-----------------------+----------+-----------------+
| 270 | [292, 212, 171, 879]  | 72882    | [43]            |
+-----+-----------------------+----------+-----------------+
| 271 | [220, 925, 133, 675]  | 82660    | [727]           |
+-----+-----------------------+----------+-----------------+
| 272 | [269, 131, 159, 687]  | 73660    | [199]           |
+-----+-----------------------+----------+-----------------+
| 273 | [231, 1827, 140, 882] | 39497    | [764]           |
+-----+-----------------------+----------+-----------------+
| 274 | [210, 2095, 129, 542] | 24151    | [970]           |
+-----+-----------------------+----------+-----------------+
| 275 | [324, 314, 189, 693]  | 95454    | [83]            |
+-----+-----------------------+----------+-----------------+
| 276 | [92, 2460, 66, 651]   | 14659    | [765]           |
+-----+-----------------------+----------+-----------------+
| 277 | [117, 1195, 79, 640]  | 65695    | [960]           |
+-----+-----------------------+----------+-----------------+
| 278 | [295, 1323, 175, 840] | 43212    | [785]           |
+-----+-----------------------+----------+-----------------+
| 279 | [260, 1842, 157, 780] | 31324    | [325]           |
+-----+-----------------------+----------+-----------------+
| 280 | [58, 2272, 49, 615]   | 15432    | [400]           |
+-----+-----------------------+----------+-----------------+
| 281 | [98, 939, 70, 892]    | 154006   | [793]           |
+-----+-----------------------+----------+-----------------+
| 282 | [49, 2287, 45, 544]   | 7473     | [599]           |
+-----+-----------------------+----------+-----------------+
| 283 | [263, 2026, 160, 733] | 40998    | [825]           |
+-----+-----------------------+----------+-----------------+
| 284 | [44, 1551, 42, 689]   | 195559   | [66]            |
+-----+-----------------------+----------+-----------------+
| 285 | [211, 1967, 133, 538] | 75821    | [124, 366]      |
+-----+-----------------------+----------+-----------------+
| 286 | [166, 1799, 109, 486] | 116455   | [607]           |
+-----+-----------------------+----------+-----------------+
| 287 | [45, 315, 43, 718]    | 365570   | [666]           |
+-----+-----------------------+----------+-----------------+
| 288 | [206, 1449, 131, 616] | 37637    | [254]           |
+-----+-----------------------+----------+-----------------+
| 289 | [197, 1094, 126, 462] | 73460    | [230]           |
+-----+-----------------------+----------+-----------------+
| 290 | [288, 1060, 175, 534] | 45740    | [767]           |
+-----+-----------------------+----------+-----------------+
| 291 | [339, 1618, 203, 632] | 35730    | [671]           |
+-----+-----------------------+----------+-----------------+
| 292 | [31, 826, 37, 917]    | 296743   | [672]           |
+-----+-----------------------+----------+-----------------+
| 293 | [320, 2309, 194, 558] | 25461    | [74]            |
+-----+-----------------------+----------+-----------------+
| 294 | [124, 483, 87, 991]   | 280143   | [477]           |
+-----+-----------------------+----------+-----------------+
| 295 | [334, 243, 200, 990]  | 61513    | [996]           |
+-----+-----------------------+----------+-----------------+
| 296 | [303, 1403, 185, 839] | 32697    | [326]           |
+-----+-----------------------+----------+-----------------+
| 297 | [231, 2040, 147, 637] | 52742    | [97]            |
+-----+-----------------------+----------+-----------------+
| 298 | [72, 1813, 63, 616]   | 10636    | [814]           |
+-----+-----------------------+----------+-----------------+
| 299 | [69, 1013, 61, 628]   | 126071   | [260]           |
+-----+-----------------------+----------+-----------------+
| 300 | [301, 2089, 187, 617] | 22030    | [198]           |
+-----+-----------------------+----------+-----------------+
| 301 | [71, 625, 62, 975]    | 261355   | [575]           |
+-----+-----------------------+----------+-----------------+
| 302 | [171, 1810, 117, 651] | 113584   | [285]           |
+-----+-----------------------+----------+-----------------+
| 303 | [112, 2463, 86, 722]  | 5484     | [407]           |
+-----+-----------------------+----------+-----------------+
| 304 | [304, 1927, 190, 988] | 40121    | [696]           |
+-----+-----------------------+----------+-----------------+
| 305 | [76, 949, 67, 982]    | 178924   | [446]           |
+-----+-----------------------+----------+-----------------+
| 306 | [28, 694, 41, 932]    | 362490   | [849]           |
+-----+-----------------------+----------+-----------------+
| 307 | [254, 384, 163, 915]  | 171251   | [393]           |
+-----+-----------------------+----------+-----------------+
| 308 | [298, 1802, 188, 824] | 55672    | [569, 711]      |
+-----+-----------------------+----------+-----------------+
| 309 | [341, 287, 210, 944]  | 93848    | [695]           |
+-----+-----------------------+----------+-----------------+
| 310 | [46, 37, 51, 658]     | 245535   | [265]           |
+-----+-----------------------+----------+-----------------+
| 311 | [306, 1131, 192, 531] | 38202    | [293]           |
+-----+-----------------------+----------+-----------------+
| 312 | [56, 1791, 58, 917]   | 152440   | [618]           |
+-----+-----------------------+----------+-----------------+
| 313 | [18, 1130, 37, 637]   | 437921   | [341]           |
+-----+-----------------------+----------+-----------------+
| 314 | [173, 581, 120, 445]  | 220782   | [800]           |
+-----+-----------------------+----------+-----------------+
| 315 | [144, 906, 105, 887]  | 172888   | [9]             |
+-----+-----------------------+----------+-----------------+
| 316 | [345, 1500, 214, 617] | 7784     | [906]           |
+-----+-----------------------+----------+-----------------+
| 317 | [303, 2178, 192, 710] | 11263    | [297]           |
+-----+-----------------------+----------+-----------------+
| 318 | [17, 1677, 38, 815]   | 219780   | [356]           |
+-----+-----------------------+----------+-----------------+
| 319 | [80, 205, 71, 468]    | 261204   | [492]           |
+-----+-----------------------+----------+-----------------+
| 320 | [39, 71, 49, 935]     | 271535   | [786]           |
+-----+-----------------------+----------+-----------------+
| 321 | [240, 611, 158, 641]  | 160959   | [703]           |
+-----+-----------------------+----------+-----------------+
| 322 | [237, 1153, 157, 603] | 91326    | [733]           |
+-----+-----------------------+----------+-----------------+
| 323 | [165, 1709, 119, 903] | 117834   | [829]           |
+-----+-----------------------+----------+-----------------+
| 324 | [200, 539, 138, 626]  | 201024   | [33]            |
+-----+-----------------------+----------+-----------------+
| 325 | [285, 1990, 185, 714] | 49061    | [106]           |
+-----+-----------------------+----------+-----------------+
| 326 | [186, 1893, 132, 748] | 105632   | [858]           |
+-----+-----------------------+----------+-----------------+
| 327 | [29, 1073, 47, 892]   | 276764   | [222]           |
+-----+-----------------------+----------+-----------------+
| 328 | [141, 2279, 109, 945] | 106881   | [754]           |
+-----+-----------------------+----------+-----------------+
| 329 | [44, 122, 55, 988]    | 345684   | [890]           |
+-----+-----------------------+----------+-----------------+
| 330 | [318, 552, 203, 699]  | 113286   | [609]           |
+-----+-----------------------+----------+-----------------+
| 331 | [263, 1804, 175, 703] | 87564    | [309]           |
+-----+-----------------------+----------+-----------------+
| 332 | [23, 2251, 47, 523]   | 220      | [103]           |
+-----+-----------------------+----------+-----------------+
| 333 | [67, 777, 70, 652]    | 426785   | [979]           |
+-----+-----------------------+----------+-----------------+
| 334 | [180, 944, 131, 800]  | 137159   | [67]            |
+-----+-----------------------+----------+-----------------+
| 335 | [117, 1804, 98, 928]  | 196434   | [480, 622]      |
+-----+-----------------------+----------+-----------------+
| 336 | [111, 1717, 96, 917]  | 228901   | [145]           |
+-----+-----------------------+----------+-----------------+
| 337 | [222, 1396, 156, 679] | 118939   | [655]           |
+-----+-----------------------+----------+-----------------+
| 338 | [110, 2423, 97, 642]  | 907      | [438]           |
+-----+-----------------------+----------+-----------------+
| 339 | [202, 366, 145, 802]  | 225954   | [138]           |
+-----+-----------------------+----------+-----------------+
| 340 | [271, 2468, 184, 463] | 21208    | [91]            |
+-----+-----------------------+----------+-----------------+
| 341 | [103, 1592, 94, 530]  | 187371   | [327]           |
+-----+-----------------------+----------+-----------------+
| 342 | [40, 912, 60, 605]    | 313923   | [882]           |
+-----+-----------------------+----------+-----------------+
| 343 | [171, 97, 130, 991]   | 233828   | [250]           |
+-----+-----------------------+----------+-----------------+
| 344 | [48, 2354, 66, 504]   | 41640    | [18]            |
+-----+-----------------------+----------+-----------------+
| 345 | [245, 994, 171, 837]  | 100765   | [990]           |
+-----+-----------------------+----------+-----------------+
| 346 | [101, 2481, 95, 701]  | 30713    | [739]           |
+-----+-----------------------+----------+-----------------+
| 347 | [300, 103, 201, 465]  | 136740   | [811]           |
+-----+-----------------------+----------+-----------------+
| 348 | [87, 741, 87, 665]    | 260061   | [928]           |
+-----+-----------------------+----------+-----------------+
| 349 | [38, 1156, 61, 446]   | 110510   | [278]           |
+-----+-----------------------+----------+-----------------+
| 350 | [70, 584, 78, 767]    | 336022   | [288]           |
+-----+-----------------------+----------+-----------------+
| 351 | [126, 260, 108, 968]  | 337395   | [509]           |
+-----+-----------------------+----------+-----------------+
| 352 | [170, 1451, 133, 610] | 172307   | [717]           |
+-----+-----------------------+----------+-----------------+
| 353 | [327, 724, 217, 973]  | 92399    | [144]           |
+-----+-----------------------+----------+-----------------+
| 354 | [47, 1537, 67, 889]   | 50160    | [179]           |
+-----+-----------------------+----------+-----------------+
| 355 | [346, 374, 227, 873]  | 122961   | [121]           |
+-----+-----------------------+----------+-----------------+
| 356 | [216, 1399, 158, 728] | 128338   | [456]           |
+-----+-----------------------+----------+-----------------+
| 357 | [93, 131, 91, 583]    | 348990   | [720]           |
+-----+-----------------------+----------+-----------------+
| 358 | [21, 1889, 54, 655]   | 130822   | [134]           |
+-----+-----------------------+----------+-----------------+
| 359 | [152, 245, 124, 917]  | 387937   | [193]           |
+-----+-----------------------+----------+-----------------+
| 360 | [72, 238, 81, 946]    | 491998   | [868]           |
+-----+-----------------------+----------+-----------------+
| 361 | [82, 569, 87, 911]    | 374810   | [324]           |
+-----+-----------------------+----------+-----------------+
| 362 | [245, 1760, 176, 639] | 126167   | [292]           |
+-----+-----------------------+----------+-----------------+
| 363 | [119, 2228, 109, 760] | 1481     | [909]           |
+-----+-----------------------+----------+-----------------+
| 364 | [69, 2111, 82, 603]   | 149287   | [944]           |
+-----+-----------------------+----------+-----------------+
| 365 | [218, 549, 161, 600]  | 242167   | [229]           |
+-----+-----------------------+----------+-----------------+
| 366 | [317, 2261, 218, 606] | 42432    | [601]           |
+-----+-----------------------+----------+-----------------+
| 367 | [78, 1772, 89, 587]   | 245641   | [246]           |
+-----+-----------------------+----------+-----------------+
| 368 | [128, 597, 115, 536]  | 315254   | [373]           |
+-----+-----------------------+----------+-----------------+
| 369 | [111, 2401, 108, 683] | 78462    | [904]           |
+-----+-----------------------+----------+-----------------+
| 370 | [340, 783, 230, 729]  | 101335   | [758]           |
+-----+-----------------------+----------+-----------------+
| 371 | [203, 1350, 157, 839] | 105890   | [10]            |
+-----+-----------------------+----------+-----------------+
| 372 | [295, 597, 206, 962]  | 166777   | [725]           |
+-----+-----------------------+----------+-----------------+
| 373 | [149, 1180, 128, 981] | 157698   | [174]           |
+-----+-----------------------+----------+-----------------+
| 374 | [296, 740, 207, 814]  | 160096   | [619]           |
+-----+-----------------------+----------+-----------------+
| 375 | [68, 1334, 85, 772]   | 241361   | [632]           |
+-----+-----------------------+----------+-----------------+
| 376 | [287, 1421, 203, 925] | 92543    | [748]           |
+-----+-----------------------+----------+-----------------+
| 377 | [316, 2390, 220, 911] | 31377    | [196]           |
+-----+-----------------------+----------+-----------------+
| 378 | [322, 393, 222, 784]  | 396215   | [363]           |
+-----+-----------------------+----------+-----------------+
| 379 | [278, 992, 199, 481]  | 100212   | [596]           |
+-----+-----------------------+----------+-----------------+
| 380 | [335, 26, 229, 763]   | 74899    | [202]           |
+-----+-----------------------+----------+-----------------+
| 381 | [303, 44, 212, 866]   | 95368    | [151]           |
+-----+-----------------------+----------+-----------------+
| 382 | [250, 1452, 185, 594] | 120566   | [538]           |
+-----+-----------------------+----------+-----------------+
| 383 | [298, 2380, 212, 463] | 50064    | [874]           |
+-----+-----------------------+----------+-----------------+
| 384 | [199, 1420, 158, 717] | 174607   | [247]           |
+-----+-----------------------+----------+-----------------+
| 385 | [301, 1162, 213, 932] | 84751    | [886]           |
+-----+-----------------------+----------+-----------------+
| 386 | [134, 798, 123, 548]  | 286270   | [183]           |
+-----+-----------------------+----------+-----------------+
| 387 | [51, 1310, 79, 706]   | 203585   | [651]           |
+-----+-----------------------+----------+-----------------+
| 388 | [312, 524, 219, 760]  | 342326   | [705]           |
+-----+-----------------------+----------+-----------------+
| 389 | [93, 2090, 103, 676]  | 157999   | [903]           |
+-----+-----------------------+----------+-----------------+
| 390 | [243, 2066, 184, 576] | 91101    | [952]           |
+-----+-----------------------+----------+-----------------+
| 391 | [143, 1403, 130, 976] | 230358   | [276]           |
+-----+-----------------------+----------+-----------------+
| 392 | [220, 848, 171, 472]  | 213609   | [155]           |
+-----+-----------------------+----------+-----------------+
| 393 | [327, 2392, 230, 717] | 37822    | [235]           |
+-----+-----------------------+----------+-----------------+
| 394 | [197, 1116, 159, 668] | 164543   | [777]           |
+-----+-----------------------+----------+-----------------+
| 395 | [267, 828, 197, 758]  | 201885   | [75]            |
+-----+-----------------------+----------+-----------------+
| 396 | [135, 1874, 127, 691] | 179836   | [623]           |
+-----+-----------------------+----------+-----------------+
| 397 | [96, 948, 106, 964]   | 297190   | [726]           |
+-----+-----------------------+----------+-----------------+
| 398 | [103, 1069, 110, 724] | 268584   | [640]           |
+-----+-----------------------+----------+-----------------+
| 399 | [102, 338, 110, 568]  | 901966   | [926]           |
+-----+-----------------------+----------+-----------------+
| 400 | [232, 2363, 182, 593] | 81201    | [961]           |
+-----+-----------------------+----------+-----------------+
| 401 | [106, 2103, 114, 701] | 204645   | [985]           |
+-----+-----------------------+----------+-----------------+
| 402 | [265, 2456, 200, 589] | 43294    | [922]           |
+-----+-----------------------+----------+-----------------+
| 403 | [60, 1380, 89, 992]   | 333601   | [680]           |
+-----+-----------------------+----------+-----------------+
| 404 | [283, 2263, 211, 680] | 80009    | [320]           |
+-----+-----------------------+----------+-----------------+
| 405 | [48, 299, 83, 923]    | 1060462  | [296]           |
+-----+-----------------------+----------+-----------------+
| 406 | [48, 1382, 84, 476]   | 354607   | [656]           |
+-----+-----------------------+----------+-----------------+
| 407 | [306, 2150, 224, 619] | 86667    | [591]           |
+-----+-----------------------+----------+-----------------+
| 408 | [145, 1651, 137, 586] | 185783   | [249]           |
+-----+-----------------------+----------+-----------------+
| 409 | [303, 1370, 222, 846] | 112107   | [745]           |
+-----+-----------------------+----------+-----------------+
| 410 | [163, 139, 146, 544]  | 1240974  | [287, 674]      |
+-----+-----------------------+----------+-----------------+
| 411 | [247, 966, 192, 551]  | 188458   | [511]           |
+-----+-----------------------+----------+-----------------+
| 412 | [122, 2175, 126, 925] | 219216   | [933]           |
+-----+-----------------------+----------+-----------------+
| 413 | [329, 183, 236, 763]  | 1119619  | [312]           |
+-----+-----------------------+----------+-----------------+
| 414 | [11, 2433, 67, 829]   | 84006    | [205]           |
+-----+-----------------------+----------+-----------------+
| 415 | [317, 1924, 233, 640] | 57909    | [280]           |
+-----+-----------------------+----------+-----------------+
| 416 | [345, 1799, 248, 837] | 90672    | [401]           |
+-----+-----------------------+----------+-----------------+
| 417 | [247, 1234, 195, 920] | 185805   | [646]           |
+-----+-----------------------+----------+-----------------+
| 418 | [243, 2032, 194, 873] | 108702   | [148]           |
+-----+-----------------------+----------+-----------------+
| 419 | [243, 499, 193, 994]  | 1004329  | [921]           |
+-----+-----------------------+----------+-----------------+
| 420 | [13, 1198, 70, 555]   | 227615   | [434]           |
+-----+-----------------------+----------+-----------------+
| 421 | [307, 515, 229, 533]  | 975925   | [152]           |
+-----+-----------------------+----------+-----------------+
| 422 | [329, 1534, 242, 713] | 97811    | [267]           |
+-----+-----------------------+----------+-----------------+
| 423 | [135, 814, 137, 877]  | 887587   | [54]            |
+-----+-----------------------+----------+-----------------+
| 424 | [330, 588, 242, 657]  | 1250984  | [617]           |
+-----+-----------------------+----------+-----------------+
| 425 | [31, 1431, 82, 973]   | 398061   | [826]           |
+-----+-----------------------+----------+-----------------+
| 426 | [174, 2413, 160, 597] | 81161    | [12]            |
+-----+-----------------------+----------+-----------------+
| 427 | [23, 298, 77, 648]    | 2353677  | [253]           |
+-----+-----------------------+----------+-----------------+
| 428 | [272, 1340, 212, 989] | 262061   | [798]           |
+-----+-----------------------+----------+-----------------+
| 429 | [272, 818, 212, 564]  | 972229   | [55]            |
+-----+-----------------------+----------+-----------------+
| 430 | [51, 1687, 94, 840]   | 357567   | [510]           |
+-----+-----------------------+----------+-----------------+
| 431 | [316, 1693, 237, 765] | 118942   | [626]           |
+-----+-----------------------+----------+-----------------+
| 432 | [60, 1976, 100, 796]  | 273171   | [19]            |
+-----+-----------------------+----------+-----------------+
| 433 | [101, 368, 121, 569]  | 2501890  | [374]           |
+-----+-----------------------+----------+-----------------+
| 434 | [120, 1178, 132, 620] | 810538   | [587]           |
+-----+-----------------------+----------+-----------------+
| 435 | [207, 1815, 180, 712] | 191062   | [870]           |
+-----+-----------------------+----------+-----------------+
| 436 | [245, 851, 201, 795]  | 1345683  | [964]           |
+-----+-----------------------+----------+-----------------+
| 437 | [84, 1011, 115, 653]  | 1192923  | [941]           |
+-----+-----------------------+----------+-----------------+
| 438 | [235, 1532, 197, 485] | 376323   | [218]           |
+-----+-----------------------+----------+-----------------+
| 439 | [68, 401, 107, 914]   | 2996649  | [981]           |
+-----+-----------------------+----------+-----------------+
| 440 | [315, 2012, 242, 805] | 108554   | [117]           |
+-----+-----------------------+----------+-----------------+
| 441 | [227, 2390, 195, 491] | 85744    | [818]           |
+-----+-----------------------+----------+-----------------+
| 442 | [140, 853, 147, 585]  | 1763955  | [580]           |
+-----+-----------------------+----------+-----------------+
| 443 | [220, 476, 190, 998]  | 2772416  | [530]           |
+-----+-----------------------+----------+-----------------+
| 444 | [232, 2108, 198, 531] | 146637   | [64]            |
+-----+-----------------------+----------+-----------------+
| 445 | [13, 412, 79, 739]    | 3293184  | [93]            |
+-----+-----------------------+----------+-----------------+
| 446 | [165, 1763, 162, 474] | 360454   | [50]            |
+-----+-----------------------+----------+-----------------+
| 447 | [135, 543, 145, 975]  | 2758397  | [116]           |
+-----+-----------------------+----------+-----------------+
| 448 | [88, 812, 120, 655]   | 2234275  | [738]           |
+-----+-----------------------+----------+-----------------+
| 449 | [228, 1244, 196, 573] | 1157200  | [976]           |
+-----+-----------------------+----------+-----------------+
| 450 | [51, 276, 100, 858]   | 4204952  | [408]           |
+-----+-----------------------+----------+-----------------+
| 451 | [289, 683, 229, 805]  | 2581625  | [844]           |
+-----+-----------------------+----------+-----------------+
| 452 | [112, 432, 134, 854]  | 3622882  | [743]           |
+-----+-----------------------+----------+-----------------+
| 453 | [217, 935, 191, 800]  | 1963285  | [759]           |
+-----+-----------------------+----------+-----------------+
| 454 | [46, 1593, 100, 462]  | 849016   | [461]           |
+-----+-----------------------+----------+-----------------+
| 455 | [236, 255, 203, 454]  | 4499524  | [644]           |
+-----+-----------------------+----------+-----------------+
| 456 | [264, 2442, 220, 919] | 65368    | [129]           |
+-----+-----------------------+----------+-----------------+
| 457 | [210, 1316, 190, 726] | 1292659  | [364]           |
+-----+-----------------------+----------+-----------------+
| 458 | [313, 369, 245, 838]  | 4079714  | [966]           |
+-----+-----------------------+----------+-----------------+
| 459 | [162, 1122, 165, 823] | 1826081  | [350, 920]      |
+-----+-----------------------+----------+-----------------+
| 460 | [40, 1303, 100, 954]  | 1562821  | [108]           |
+-----+-----------------------+----------+-----------------+
| 461 | [201, 424, 186, 717]  | 4201091  | [115]           |
+-----+-----------------------+----------+-----------------+
| 462 | [166, 563, 168, 444]  | 3725011  | [590]           |
+-----+-----------------------+----------+-----------------+
| 463 | [234, 1921, 207, 703] | 433455   | [563]           |
+-----+-----------------------+----------+-----------------+
| 464 | [256, 344, 218, 446]  | 4510961  | [59]            |
+-----+-----------------------+----------+-----------------+
| 465 | [302, 767, 244, 496]  | 3095337  | [332]           |
+-----+-----------------------+----------+-----------------+
| 466 | [147, 2358, 162, 503] | 106844   | [537]           |
+-----+-----------------------+----------+-----------------+
| 467 | [116, 509, 144, 685]  | 4375947  | [556]           |
+-----+-----------------------+----------+-----------------+
| 468 | [304, 202, 245, 716]  | 5578968  | [865]           |
+-----+-----------------------+----------+-----------------+
| 469 | [71, 1502, 121, 627]  | 1232519  | [89]            |
+-----+-----------------------+----------+-----------------+
| 470 | [77, 1763, 125, 570]  | 732727   | [73]            |
+-----+-----------------------+----------+-----------------+
| 471 | [220, 429, 201, 855]  | 4771085  | [934]           |
+-----+-----------------------+----------+-----------------+
| 472 | [297, 772, 243, 834]  | 3404164  | [248]           |
+-----+-----------------------+----------+-----------------+
| 473 | [102, 127, 138, 512]  | 6321200  | [412]           |
+-----+-----------------------+----------+-----------------+
| 474 | [165, 183, 172, 645]  | 6098793  | [579]           |
+-----+-----------------------+----------+-----------------+
| 475 | [152, 2491, 167, 565] | 49117    | [188]           |
+-----+-----------------------+----------+-----------------+
| 476 | [256, 884, 222, 558]  | 3166927  | [465]           |
+-----+-----------------------+----------+-----------------+
| 477 | [176, 111, 179, 680]  | 6543661  | [441]           |
+-----+-----------------------+----------+-----------------+
| 478 | [128, 1073, 154, 946] | 2630802  | [760]           |
+-----+-----------------------+----------+-----------------+
| 479 | [259, 98, 224, 887]   | 6588215  | [268]           |
+-----+-----------------------+----------+-----------------+
| 480 | [153, 1022, 168, 945] | 2827321  | [36]            |
+-----+-----------------------+----------+-----------------+
| 481 | [82, 2239, 132, 503]  | 229645   | [861]           |
+-----+-----------------------+----------+-----------------+
| 482 | [128, 2452, 157, 463] | 100142   | [670]           |
+-----+-----------------------+----------+-----------------+
| 483 | [142, 335, 163, 965]  | 5546819  | [668]           |
+-----+-----------------------+----------+-----------------+
| 484 | [49, 2166, 115, 618]  | 263120   | [784]           |
+-----+-----------------------+----------+-----------------+
| 485 | [62, 1513, 122, 769]  | 1538078  | [233]           |
+-----+-----------------------+----------+-----------------+
| 486 | [281, 1482, 240, 761] | 1524955  | [678]           |
+-----+-----------------------+----------+-----------------+
| 487 | [281, 455, 240, 464]  | 5129060  | [6]             |
+-----+-----------------------+----------+-----------------+
| 488 | [74, 778, 129, 882]   | 3874337  | [664]           |
+-----+-----------------------+----------+-----------------+
| 489 | [21, 64, 101, 998]    | 7123663  | [38]            |
+-----+-----------------------+----------+-----------------+
| 490 | [275, 1510, 239, 668] | 1515824  | [316]           |
+-----+-----------------------+----------+-----------------+
| 491 | [210, 53, 203, 831]   | 7156720  | [469]           |
+-----+-----------------------+----------+-----------------+
| 492 | [56, 909, 121, 716]   | 3462845  | [915]           |
+-----+-----------------------+----------+-----------------+
| 493 | [36, 531, 110, 947]   | 5032553  | [464]           |
+-----+-----------------------+----------+-----------------+
| 494 | [27, 191, 105, 709]   | 6718036  | [142]           |
+-----+-----------------------+----------+-----------------+
| 495 | [143, 576, 168, 918]  | 4832677  | [39]            |
+-----+-----------------------+----------+-----------------+
| 496 | [141, 1829, 168, 707] | 930488   | [130]           |
+-----+-----------------------+----------+-----------------+
| 497 | [55, 597, 121, 545]   | 4795743  | [605]           |
+-----+-----------------------+----------+-----------------+
| 498 | [62, 2320, 127, 445]  | 225734   | [631]           |
+-----+-----------------------+----------+-----------------+
| 499 | [62, 881, 126, 756]   | 3674798  | [78]            |
+-----+-----------------------+----------+-----------------+
| 500 | [172, 1723, 186, 969] | 1203067  | [848]           |
+-----+-----------------------+----------+-----------------+
| 501 | [107, 852, 151, 915]  | 3772414  | [935]           |
+-----+-----------------------+----------+-----------------+
| 502 | [282, 373, 245, 714]  | 5680994  | [495]           |
+-----+-----------------------+----------+-----------------+
| 503 | [255, 967, 231, 843]  | 3340488  | [650]           |
+-----+-----------------------+----------+-----------------+
| 504 | [107, 1268, 152, 849] | 2434447  | [641]           |
+-----+-----------------------+----------+-----------------+
| 505 | [258, 1827, 234, 770] | 1011240  | [32]            |
+-----+-----------------------+----------+-----------------+
| 506 | [17, 903, 104, 467]   | 3767565  | [638]           |
+-----+-----------------------+----------+-----------------+
| 507 | [127, 1534, 164, 746] | 1748691  | [107]           |
+-----+-----------------------+----------+-----------------+
| 508 | [37, 579, 115, 946]   | 5182458  | [837]           |
+-----+-----------------------+----------+-----------------+
| 509 | [10, 1072, 101, 602]  | 3235781  | [90]            |
+-----+-----------------------+----------+-----------------+
| 510 | [45, 2362, 121, 822]  | 289530   | [61]            |
+-----+-----------------------+----------+-----------------+
| 511 | [160, 1280, 182, 457] | 2450989  | [11]            |
+-----+-----------------------+----------+-----------------+
| 512 | [15, 1152, 104, 704]  | 3009913  | [993]           |
+-----+-----------------------+----------+-----------------+
| 513 | [179, 1123, 193, 634] | 2987264  | [141]           |
+-----+-----------------------+----------+-----------------+
| 514 | [210, 1287, 210, 867] | 2453085  | [317]           |
+-----+-----------------------+----------+-----------------+
| 515 | [58, 1546, 129, 862]  | 1822423  | [231]           |
+-----+-----------------------+----------+-----------------+
| 516 | [120, 77, 162, 452]   | 7674763  | [688]           |
+-----+-----------------------+----------+-----------------+
| 517 | [262, 142, 239, 942]  | 7419993  | [757]           |
+-----+-----------------------+----------+-----------------+
| 518 | [17, 1140, 108, 642]  | 3099537  | [244]           |
+-----+-----------------------+----------+-----------------+
| 519 | [258, 1488, 239, 522] | 1941312  | [634]           |
+-----+-----------------------+----------+-----------------+
| 520 | [48, 411, 126, 747]   | 6239625  | [423]           |
+-----+-----------------------+----------+-----------------+
| 521 | [233, 2258, 228, 461] | 415585   | [565]           |
+-----+-----------------------+----------+-----------------+
| 522 | [119, 1180, 166, 908] | 2990629  | [968]           |
+-----+-----------------------+----------+-----------------+
| 523 | [233, 1858, 228, 725] | 1146762  | [742]           |
+-----+-----------------------+----------+-----------------+
| 524 | [152, 2322, 185, 732] | 381010   | [950]           |
+-----+-----------------------+----------+-----------------+
| 525 | [157, 10, 186, 897]   | 8601283  | [983]           |
+-----+-----------------------+----------+-----------------+
| 526 | [175, 218, 196, 645]  | 7464302  | [518]           |
+-----+-----------------------+----------+-----------------+
| 527 | [114, 1088, 164, 737] | 3463248  | [562]           |
+-----+-----------------------+----------+-----------------+
| 528 | [96, 641, 154, 488]   | 5207524  | [501]           |
+-----+-----------------------+----------+-----------------+
| 529 | [176, 287, 197, 566]  | 7156848  | [126]           |
+-----+-----------------------+----------+-----------------+
| 530 | [21, 751, 115, 877]   | 4627422  | [181]           |
+-----+-----------------------+----------+-----------------+
| 531 | [93, 1077, 155, 701]  | 3564864  | [992]           |
+-----+-----------------------+----------+-----------------+
| 532 | [142, 1646, 182, 858] | 1745570  | [164]           |
+-----+-----------------------+----------+-----------------+
| 533 | [147, 673, 184, 462]  | 5289441  | [790]           |
+-----+-----------------------+----------+-----------------+
| 534 | [178, 1913, 202, 563] | 1195427  | [409]           |
+-----+-----------------------+----------+-----------------+
| 535 | [186, 368, 205, 777]  | 6839198  | [685]           |
+-----+-----------------------+----------+-----------------+
| 536 | [262, 2497, 248, 788] | 267522   | [508]           |
+-----+-----------------------+----------+-----------------+
| 537 | [11, 983, 112, 627]   | 3772913  | [318]           |
+-----+-----------------------+----------+-----------------+
| 538 | [192, 1364, 210, 958] | 2687981  | [360]           |
+-----+-----------------------+----------+-----------------+
| 539 | [20, 17, 117, 795]    | 8471789  | [486]           |
+-----+-----------------------+----------+-----------------+
| 540 | [111, 1117, 167, 731] | 3584051  | [576]           |
+-----+-----------------------+----------+-----------------+
| 541 | [224, 1850, 229, 522] | 1364024  | [794]           |
+-----+-----------------------+----------+-----------------+
| 542 | [262, 1194, 249, 950] | 3291467  | [776]           |
+-----+-----------------------+----------+-----------------+
| 543 | [112, 831, 168, 693]  | 4873051  | [930]           |
+-----+-----------------------+----------+-----------------+
| 544 | [45, 2077, 133, 630]  | 760809   | [795]           |
+-----+-----------------------+----------+-----------------+
| 545 | [18, 2497, 119, 821]  | 212859   | [96]            |
+-----+-----------------------+----------+-----------------+
| 546 | [237, 2286, 238, 453] | 568377   | [978]           |
+-----+-----------------------+----------+-----------------+
| 547 | [86, 2348, 157, 671]  | 372047   | [769]           |
+-----+-----------------------+----------+-----------------+
| 548 | [67, 1171, 146, 499]  | 3272861  | [298]           |
+-----+-----------------------+----------+-----------------+
| 549 | [108, 2259, 169, 713] | 610737   | [428]           |
+-----+-----------------------+----------+-----------------+
| 550 | [107, 1329, 168, 686] | 3029419  | [147]           |
+-----+-----------------------+----------+-----------------+
| 551 | [119, 1227, 175, 913] | 3403017  | [805]           |
+-----+-----------------------+----------+-----------------+
| 552 | [148, 342, 190, 709]  | 7383025  | [468]           |
+-----+-----------------------+----------+-----------------+
| 553 | [110, 1923, 171, 585] | 1358677  | [427]           |
+-----+-----------------------+----------+-----------------+
| 554 | [107, 1982, 170, 762] | 1254210  | [340]           |
+-----+-----------------------+----------+-----------------+
| 555 | [165, 1853, 202, 912] | 1537468  | [991]           |
+-----+-----------------------+----------+-----------------+
| 556 | [59, 179, 144, 973]   | 7868093  | [335]           |
+-----+-----------------------+----------+-----------------+
| 557 | [116, 1085, 176, 493] | 4014802  | [220]           |
+-----+-----------------------+----------+-----------------+
| 558 | [111, 2463, 175, 809] | 438077   | [566]           |
+-----+-----------------------+----------+-----------------+
| 559 | [163, 2324, 203, 646] | 672271   | [435]           |
+-----+-----------------------+----------+-----------------+
| 560 | [25, 1332, 128, 728]  | 2930816  | [392]           |
+-----+-----------------------+----------+-----------------+
| 561 | [211, 1898, 229, 504] | 1487378  | [186]           |
+-----+-----------------------+----------+-----------------+
| 562 | [214, 1581, 231, 672] | 2327407  | [568]           |
+-----+-----------------------+----------+-----------------+
| 563 | [100, 1835, 170, 859] | 1733606  | [77]            |
+-----+-----------------------+----------+-----------------+
| 564 | [141, 1489, 192, 850] | 2712496  | [809]           |
+-----+-----------------------+----------+-----------------+
| 565 | [71, 731, 154, 466]   | 5382318  | [68]            |
+-----+-----------------------+----------+-----------------+
| 566 | [218, 2143, 235, 550] | 1005833  | [841]           |
+-----+-----------------------+----------+-----------------+
| 567 | [221, 2336, 237, 501] | 677937   | [314]           |
+-----+-----------------------+----------+-----------------+
| 568 | [182, 1178, 217, 927] | 3782224  | [894]           |
+-----+-----------------------+----------+-----------------+
| 569 | [153, 397, 201, 915]  | 7603785  | [747]           |
+-----+-----------------------+----------+-----------------+
| 570 | [138, 1650, 194, 981] | 2304376  | [694]           |
+-----+-----------------------+----------+-----------------+
| 571 | [120, 1445, 185, 879] | 3003797  | [945]           |
+-----+-----------------------+----------+-----------------+
| 572 | [218, 433, 237, 953]  | 7409002  | [225]           |
+-----+-----------------------+----------+-----------------+
| 573 | [140, 1272, 196, 729] | 3628894  | [474]           |
+-----+-----------------------+----------+-----------------+
| 574 | [185, 1855, 221, 523] | 1764855  | [448]           |
+-----+-----------------------+----------+-----------------+
| 575 | [16, 2353, 131, 486]  | 561787   | [665]           |
+-----+-----------------------+----------+-----------------+
| 576 | [40, 312, 143, 532]   | 8056201  | [713]           |
+-----+-----------------------+----------+-----------------+
| 577 | [29, 385, 139, 824]   | 7513001  | [133]           |
+-----+-----------------------+----------+-----------------+
| 578 | [89, 851, 172, 981]   | 5391888  | [552]           |
+-----+-----------------------+----------+-----------------+
| 579 | [61, 2107, 158, 709]  | 1212431  | [440]           |
+-----+-----------------------+----------+-----------------+
| 580 | [183, 941, 225, 542]  | 4991563  | [425]           |
+-----+-----------------------+----------+-----------------+
| 581 | [97, 649, 179, 672]   | 6590577  | [555]           |
+-----+-----------------------+----------+-----------------+
| 582 | [174, 2331, 222, 919] | 807646   | [771]           |
+-----+-----------------------+----------+-----------------+
| 583 | [75, 498, 168, 897]   | 7434290  | [56]            |
+-----+-----------------------+----------+-----------------+
| 584 | [181, 2285, 227, 722] | 916991   | [387]           |
+-----+-----------------------+----------+-----------------+
| 585 | [146, 1211, 208, 572] | 4077612  | [154]           |
+-----+-----------------------+----------+-----------------+
| 586 | [115, 21, 191, 594]   | 10337498 | [943]           |
+-----+-----------------------+----------+-----------------+
| 587 | [57, 2326, 162, 591]  | 881450   | [95]            |
+-----+-----------------------+----------+-----------------+
| 588 | [159, 841, 216, 794]  | 5759469  | [924]           |
+-----+-----------------------+----------+-----------------+
| 589 | [206, 200, 241, 563]  | 9237505  | [359]           |
+-----+-----------------------+----------+-----------------+
| 590 | [93, 2133, 182, 475]  | 1380742  | [26]            |
+-----+-----------------------+----------+-----------------+
| 591 | [21, 2412, 145, 797]  | 560903   | [855]           |
+-----+-----------------------+----------+-----------------+
| 592 | [154, 1066, 216, 994] | 4817173  | [796]           |
+-----+-----------------------+----------+-----------------+
| 593 | [160, 1955, 220, 670] | 1769154  | [25]            |
+-----+-----------------------+----------+-----------------+
| 594 | [186, 687, 233, 685]  | 6673156  | [30]            |
+-----+-----------------------+----------+-----------------+
| 595 | [175, 1656, 228, 466] | 2746787  | [716]           |
+-----+-----------------------+----------+-----------------+
| 596 | [24, 212, 146, 799]   | 9455846  | [113]           |
+-----+-----------------------+----------+-----------------+
| 597 | [49, 1746, 161, 460]  | 2396206  | [604]           |
+-----+-----------------------+----------+-----------------+
| 598 | [138, 436, 209, 658]  | 8259090  | [610]           |
+-----+-----------------------+----------+-----------------+
| 599 | [47, 783, 161, 983]   | 6422375  | [334]           |
+-----+-----------------------+----------+-----------------+
| 600 | [75, 1035, 178, 711]  | 5240414  | [404]           |
+-----+-----------------------+----------+-----------------+
| 601 | [199, 714, 246, 472]  | 6718741  | [507]           |
+-----+-----------------------+----------+-----------------+
| 602 | [192, 90, 242, 719]   | 10430443 | [289]           |
+-----+-----------------------+----------+-----------------+
| 603 | [147, 1506, 219, 651] | 3393439  | [123]           |
+-----+-----------------------+----------+-----------------+
| 604 | [60, 84, 172, 943]    | 10677873 | [719]           |
+-----+-----------------------+----------+-----------------+
| 605 | [182, 1327, 239, 641] | 4089929  | [245]           |
+-----+-----------------------+----------+-----------------+
| 606 | [92, 577, 190, 946]   | 7715531  | [430]           |
+-----+-----------------------+----------+-----------------+
| 607 | [132, 2410, 214, 855] | 905491   | [815]           |
+-----+-----------------------+----------+-----------------+
| 608 | [101, 1739, 197, 457] | 2611420  | [177]           |
+-----+-----------------------+----------+-----------------+
| 609 | [28, 2345, 159, 724]  | 1043931  | [972]           |
+-----+-----------------------+----------+-----------------+
| 610 | [166, 1419, 233, 982] | 3799747  | [744]           |
+-----+-----------------------+----------+-----------------+
| 611 | [105, 706, 200, 814]  | 7086729  | [831]           |
+-----+-----------------------+----------+-----------------+
| 612 | [16, 1595, 153, 679]  | 2430387  | [803]           |
+-----+-----------------------+----------+-----------------+
| 613 | [59, 211, 175, 971]   | 10024748 | [832]           |
+-----+-----------------------+----------+-----------------+
| 614 | [102, 1099, 199, 469] | 5237938  | [98]            |
+-----+-----------------------+----------+-----------------+
| 615 | [98, 740, 198, 530]   | 7038345  | [869]           |
+-----+-----------------------+----------+-----------------+
| 616 | [152, 872, 228, 959]  | 6342994  | [821]           |
+-----+-----------------------+----------+-----------------+
| 617 | [114, 2282, 209, 495] | 1241765  | [636]           |
+-----+-----------------------+----------+-----------------+
| 618 | [16, 2269, 157, 876]  | 1312061  | [99]            |
+-----+-----------------------+----------+-----------------+
| 619 | [157, 1557, 233, 962] | 3426046  | [390]           |
+-----+-----------------------+----------+-----------------+
| 620 | [138, 1657, 225, 794] | 3086328  | [462]           |
+-----+-----------------------+----------+-----------------+
| 621 | [78, 1946, 194, 627]  | 2170946  | [476]           |
+-----+-----------------------+----------+-----------------+
| 622 | [121, 566, 216, 783]  | 8127378  | [871]           |
+-----+-----------------------+----------+-----------------+
| 623 | [44, 932, 175, 519]   | 6210586  | [345]           |
+-----+-----------------------+----------+-----------------+
| 624 | [165, 1411, 241, 778] | 4064939  | [236]           |
+-----+-----------------------+----------+-----------------+
| 625 | [82, 779, 196, 548]   | 7053016  | [212]           |
+-----+-----------------------+----------+-----------------+
| 626 | [141, 2038, 230, 898] | 2019305  | [540]           |
+-----+-----------------------+----------+-----------------+
| 627 | [20, 326, 164, 653]   | 9610130  | [273]           |
+-----+-----------------------+----------+-----------------+
| 628 | [161, 1337, 241, 907] | 4446920  | [243]           |
+-----+-----------------------+----------+-----------------+
| 629 | [131, 1267, 225, 572] | 4819809  | [481]           |
+-----+-----------------------+----------+-----------------+
| 630 | [39, 400, 175, 907]   | 9180905  | [917]           |
+-----+-----------------------+----------+-----------------+
| 631 | [133, 224, 226, 935]  | 10383829 | [484]           |
+-----+-----------------------+----------+-----------------+
| 632 | [104, 1656, 212, 966] | 3317268  | [535]           |
+-----+-----------------------+----------+-----------------+
| 633 | [161, 729, 243, 983]  | 7522026  | [274]           |
+-----+-----------------------+----------+-----------------+
| 634 | [103, 990, 212, 970]  | 6187164  | [659]           |
+-----+-----------------------+----------+-----------------+
| 635 | [21, 1127, 168, 558]  | 5448105  | [512]           |
+-----+-----------------------+----------+-----------------+
| 636 | [90, 203, 205, 856]   | 10779784 | [698]           |
+-----+-----------------------+----------+-----------------+
| 637 | [13, 1565, 165, 540]  | 3736721  | [522]           |
+-----+-----------------------+----------+-----------------+
| 638 | [141, 16, 234, 867]   | 12044787 | [290]           |
+-----+-----------------------+----------+-----------------+
| 639 | [91, 651, 208, 964]   | 8153684  | [370]           |
+-----+-----------------------+----------+-----------------+
| 640 | [12, 100, 166, 917]   | 11545577 | [200]           |
+-----+-----------------------+----------+-----------------+
| 641 | [125, 2234, 229, 978] | 1651272  | [583]           |
+-----+-----------------------+----------+-----------------+
| 642 | [28, 1293, 176, 993]  | 5042832  | [918]           |
+-----+-----------------------+----------+-----------------+
| 643 | [163, 762, 249, 566]  | 7651812  | [429]           |
+-----+-----------------------+----------+-----------------+
| 644 | [83, 1473, 207, 729]  | 4284576  | [421]           |
+-----+-----------------------+----------+-----------------+
| 645 | [101, 216, 216, 646]  | 11018759 | [79]            |
+-----+-----------------------+----------+-----------------+
| 646 | [143, 2326, 241, 628] | 1542009  | [620]           |
+-----+-----------------------+----------+-----------------+
| 647 | [85, 1127, 211, 774]  | 5934941  | [493]           |
+-----+-----------------------+----------+-----------------+
| 648 | [13, 287, 172, 498]   | 10730292 | [585]           |
+-----+-----------------------+----------+-----------------+
| 649 | [81, 22, 211, 724]    | 12456206 | [496]           |
+-----+-----------------------+----------+-----------------+
| 650 | [78, 1791, 211, 893]  | 3161757  | [21]            |
+-----+-----------------------+----------+-----------------+
| 651 | [143, 363, 245, 994]  | 10175012 | [750]           |
+-----+-----------------------+----------+-----------------+
| 652 | [19, 1440, 182, 551]  | 4576034  | [611]           |
+-----+-----------------------+----------+-----------------+
| 653 | [10, 2083, 178, 747]  | 2271996  | [65]            |
+-----+-----------------------+----------+-----------------+
| 654 | [21, 778, 183, 769]   | 7863793  | [105]           |
+-----+-----------------------+----------+-----------------+
| 655 | [19, 2383, 186, 804]  | 1481118  | [856]           |
+-----+-----------------------+----------+-----------------+
| 656 | [38, 1968, 196, 677]  | 2695118  | [875]           |
+-----+-----------------------+----------+-----------------+
| 657 | [59, 1951, 208, 778]  | 2753641  | [872]           |
+-----+-----------------------+----------+-----------------+
| 658 | [28, 971, 191, 517]   | 6857601  | [57]            |
+-----+-----------------------+----------+-----------------+
| 659 | [42, 150, 198, 611]   | 11790283 | [557]           |
+-----+-----------------------+----------+-----------------+
| 660 | [49, 2122, 204, 851]  | 2229927  | [899]           |
+-----+-----------------------+----------+-----------------+
| 661 | [18, 300, 187, 816]   | 10870999 | [633]           |
+-----+-----------------------+----------+-----------------+
| 662 | [81, 1994, 224, 667]  | 2703672  | [810]           |
+-----+-----------------------+----------+-----------------+
| 663 | [73, 684, 219, 527]   | 8578976  | [313]           |
+-----+-----------------------+----------+-----------------+
| 664 | [26, 63, 194, 874]    | 12619509 | [184]           |
+-----+-----------------------+----------+-----------------+
| 665 | [65, 2415, 217, 520]  | 1539219  | [574]           |
+-----+-----------------------+----------+-----------------+
| 666 | [25, 687, 195, 620]   | 8658360  | [614]           |
+-----+-----------------------+----------+-----------------+
| 667 | [82, 813, 226, 697]   | 7943663  | [528]           |
+-----+-----------------------+----------+-----------------+
| 668 | [50, 1566, 210, 852]  | 4407991  | [994]           |
+-----+-----------------------+----------+-----------------+
| 669 | [47, 2134, 209, 777]  | 2357487  | [669]           |
+-----+-----------------------+----------+-----------------+
| 670 | [42, 1702, 209, 899]  | 3945130  | [706]           |
+-----+-----------------------+----------+-----------------+
| 671 | [28, 1056, 201, 989]  | 6901701  | [997]           |
+-----+-----------------------+----------+-----------------+
| 672 | [100, 2012, 241, 860] | 2804681  | [44]            |
+-----+-----------------------+----------+-----------------+
| 673 | [56, 1214, 218, 692]  | 6127395  | [898]           |
+-----+-----------------------+----------+-----------------+
| 674 | [68, 599, 224, 860]   | 9489373  | [433]           |
+-----+-----------------------+----------+-----------------+
| 675 | [46, 2190, 214, 728]  | 2279750  | [895]           |
+-----+-----------------------+----------+-----------------+
| 676 | [16, 1549, 199, 929]  | 4627911  | [586]           |
+-----+-----------------------+----------+-----------------+
| 677 | [36, 808, 211, 916]   | 8343545  | [310]           |
+-----+-----------------------+----------+-----------------+
| 678 | [22, 76, 203, 588]    | 13132052 | [355]           |
+-----+-----------------------+----------+-----------------+
| 679 | [61, 1190, 228, 821]  | 6336411  | [343]           |
+-----+-----------------------+----------+-----------------+
| 680 | [72, 556, 234, 856]   | 9934506  | [394]           |
+-----+-----------------------+----------+-----------------+
| 681 | [27, 1808, 215, 854]  | 3618822  | [283]           |
+-----+-----------------------+----------+-----------------+
| 682 | [62, 77, 235, 807]    | 13192112 | [893]           |
+-----+-----------------------+----------+-----------------+
| 683 | [69, 757, 240, 523]   | 8762136  | [252]           |
+-----+-----------------------+----------+-----------------+
| 684 | [75, 835, 245, 967]   | 8322561  | [624]           |
+-----+-----------------------+----------+-----------------+
| 685 | [67, 1077, 241, 775]  | 6988706  | [85]            |
+-----+-----------------------+----------+-----------------+
| 686 | [70, 330, 242, 883]   | 11482637 | [689]           |
+-----+-----------------------+----------+-----------------+
| 687 | [65, 585, 243, 829]   | 9907519  | [210]           |
+-----+-----------------------+----------+-----------------+
| 688 | [15, 1309, 217, 831]  | 5975293  | [774]           |
+-----+-----------------------+----------+-----------------+
| 689 | [75, 302, 249, 647]   | 11741777 | [724]           |
+-----+-----------------------+----------+-----------------+
| 690 | [55, 1651, 240, 765]  | 4462653  | [101]           |
+-----+-----------------------+----------+-----------------+
| 691 | [41, 1606, 235, 837]  | 4733662  | [378]           |
+-----+-----------------------+----------+-----------------+
| 692 | [43, 664, 236, 905]   | 9688559  | [866]           |
+-----+-----------------------+----------+-----------------+
| 693 | [37, 1256, 240, 957]  | 6415982  | [120]           |
+-----+-----------------------+----------+-----------------+
| 694 | [47, 1750, 250, 470]  | 4174531  | [478]           |
+-----+-----------------------+----------+-----------------+
| 695 | [25, 1215, 238, 700]  | 6633785  | [279]           |
+-----+-----------------------+----------+-----------------+
| 696 | [10, 1239, 230, 841]  | 6553102  | [681]           |
+-----+-----------------------+----------+-----------------+
| 697 | [16, 2264, 235, 965]  | 2412130  | [608]           |
+-----+-----------------------+----------+-----------------+
| 698 | [16, 348, 234, 892]   | 11813502 | [558]           |
+-----+-----------------------+----------+-----------------+
| 699 | [17, 1476, 246, 747]  | 5481467  | [379]           |
+-----+-----------------------+----------+-----------------+

Total OF: 1226876910
Runtime: 1
latencies: 0.097346 - 12.6912%
filter  : 0.282338 - 36.8092%
search  : 0.386999 - 50.454%
--------------Times execs----------------
    0: 0.767032
 mean: 0.767032
   sd: 0

First ignored:

 mean: 0
   sd: 0

----------------------
